     0/399     20.1G   0.03336    0.0093  0.005421   0.04808        31       416    0.9529    0.9497    0.9788    0.7233   0.06657    0.0182   0.01639
     1/399     20.1G   0.03205  0.009848  0.005673   0.04757        48       416    0.9632    0.9419    0.9788    0.7262   0.06598   0.01824    0.0163
     2/399     20.1G   0.03123  0.009607   0.00415   0.04499        29       416    0.9652    0.9505    0.9811    0.7342   0.06578   0.01826   0.01624
     3/399     20.1G   0.03354  0.009248  0.008952   0.05174        57       416    0.9607    0.9519     0.981    0.7288   0.06592   0.01821   0.01648
     4/399     20.1G   0.03008  0.009554  0.004081   0.04372        31       416    0.9629    0.9487    0.9813    0.7308   0.06542    0.0182   0.01642
     5/399     20.1G    0.0354  0.009615  0.005861   0.05088        47       416     0.967    0.9373    0.9806    0.7268   0.06598   0.01809   0.01635
     6/399     20.1G   0.03196  0.009784  0.003669   0.04542        36       416    0.9697    0.9314    0.9797    0.7315   0.06596   0.01797   0.01657
     7/399     20.1G   0.03182  0.009041  0.004692   0.04555        44       416    0.9464    0.9626     0.982    0.7363    0.0662   0.01809   0.01597
     8/399     20.1G   0.03327  0.009621  0.003747   0.04664        63       416     0.933    0.9642    0.9792    0.7329   0.06599   0.01809   0.01559
     9/399     20.1G   0.03481   0.00976  0.005624   0.05019        46       416    0.9552     0.953    0.9817    0.7293   0.06673    0.0178   0.01603
    10/399     20.1G   0.03418  0.009321  0.007084   0.05059        41       416    0.9522     0.954     0.982    0.7249   0.06547   0.01785   0.01543
    11/399     20.1G    0.0282  0.009429  0.006655   0.04428        63       416    0.9658    0.9425    0.9807    0.7253   0.06623   0.01773   0.01567
    12/399     20.1G   0.03208   0.01007  0.004941   0.04709        63       416      0.96    0.9567     0.983    0.7235   0.06664   0.01775   0.01542
    13/399     20.1G   0.03034  0.009678  0.002957   0.04298        39       416    0.9532    0.9545    0.9823    0.7276   0.06614   0.01785   0.01584
    14/399     20.1G    0.0304  0.009261  0.003771   0.04344        57       416    0.9539    0.9493    0.9812    0.7184    0.0665   0.01778     0.016
    15/399     20.1G   0.03043   0.01012  0.004067   0.04462        51       416    0.9796    0.9314    0.9833    0.7232   0.06609   0.01749   0.01506
    16/399     20.1G   0.02922  0.009572  0.002759   0.04155        62       416    0.9827    0.9273    0.9812     0.727    0.0663   0.01757    0.0157
    17/399     20.1G   0.03694  0.009411  0.005598   0.05195        49       416    0.9823    0.9354    0.9802    0.7248   0.06696   0.01739    0.0157
    18/399     20.1G   0.02996  0.008906  0.004476   0.04334        32       416    0.9855    0.9199    0.9807    0.7368   0.06651   0.01739    0.0155
    19/399     20.1G   0.03289  0.009704  0.003137   0.04574        56       416    0.9477    0.9576    0.9764     0.704   0.06754   0.01801    0.0149
    20/399     20.1G   0.02837  0.009477  0.004925   0.04278        36       416    0.9354    0.9671    0.9816    0.7158   0.06641   0.01768   0.01618
    21/399     20.1G   0.03248  0.009674  0.003093   0.04524        57       416    0.9875     0.923    0.9821    0.7169   0.06536   0.01755   0.01566
    22/399     20.1G   0.03334   0.00972  0.005342    0.0484        56       416    0.9697    0.9284    0.9808    0.7208   0.06654   0.01742   0.01459
    23/399     20.1G   0.03422   0.01065  0.005071   0.04994        70       416    0.9732    0.9264    0.9788    0.7092   0.06784   0.01743   0.01493
    24/399     20.1G    0.0325  0.009932  0.004199   0.04663        63       416    0.9701    0.9333    0.9805    0.7022   0.06648   0.01745   0.01622
    25/399     20.1G   0.03243  0.009817  0.003483   0.04573        60       416    0.9469    0.9522    0.9788    0.7014    0.0669   0.01746   0.01476
    26/399     20.1G   0.03305  0.009357  0.003978   0.04638        44       416    0.9728    0.9225    0.9781    0.7194   0.06657   0.01791   0.01463
    27/399     20.1G   0.03095  0.009837  0.004759   0.04554        36       416    0.9813    0.9444    0.9845    0.7253   0.06558   0.01718   0.01574
    28/399     20.1G   0.03496  0.009627  0.004831   0.04942        51       416    0.9843    0.9391    0.9827    0.7115   0.06494   0.01773   0.01598
    29/399     20.1G   0.03088  0.009203  0.005307   0.04539        45       416    0.9287      0.97    0.9832    0.7157   0.06499   0.01757   0.01577
    30/399     20.1G   0.03397  0.009557  0.004107   0.04763        51       416    0.9709    0.9445    0.9784    0.7301   0.06456   0.01704    0.0166
    31/399     20.1G   0.03414  0.009391  0.008415   0.05195        58       416    0.9692    0.9506    0.9854    0.7057   0.06452   0.01735   0.01661
    32/399     20.1G   0.03145  0.009258  0.006249   0.04696        34       416    0.9213    0.9446    0.9721    0.6822   0.06547   0.01804   0.01882
    33/399     20.1G   0.03092  0.009036  0.004858   0.04482        45       416    0.9453    0.9455    0.9783    0.7006   0.06671   0.01736   0.01633
    34/399     20.1G   0.02895  0.009145   0.00445   0.04255        31       416    0.9871    0.9223    0.9842    0.7324   0.06515   0.01762   0.01596
    35/399     20.1G   0.03229  0.009272  0.005081   0.04664        34       416    0.9745    0.9305    0.9819    0.7234   0.06672   0.01696   0.01634
    36/399     20.1G   0.03474  0.009002  0.005084   0.04882        43       416    0.9534    0.9492    0.9746    0.6863   0.06873   0.01759   0.01593
    37/399     20.1G   0.03685  0.009711  0.009434   0.05599        62       416     0.953      0.96    0.9823    0.7138   0.06568   0.01731   0.01813
    38/399     20.1G   0.03171  0.009168   0.00403   0.04491        51       416    0.9574    0.9489    0.9794    0.6872   0.06622   0.01743   0.01749
    39/399     20.1G   0.03317  0.009963  0.005301   0.04844        60       416    0.9802    0.9392    0.9828       0.7   0.06751   0.01729   0.01689
    40/399     20.1G   0.03332  0.009001  0.007314   0.04963        34       416    0.9577    0.9285    0.9744     0.703   0.06531   0.01701   0.01667
    41/399     20.1G   0.03159   0.00996  0.004401   0.04595        43       416    0.9809    0.9134     0.974    0.6835   0.06767     0.017   0.01675
    42/399     20.1G   0.03099  0.009295  0.004814    0.0451        30       416    0.9671    0.9461    0.9793    0.7139   0.06521   0.01701   0.01709
    43/399     20.1G   0.03215  0.009238  0.005142   0.04653        32       416    0.9654    0.9519    0.9838    0.7103   0.06676   0.01722   0.01647
    44/399     20.1G   0.03275  0.009394  0.005502   0.04765        49       416    0.9491    0.9323    0.9734    0.7053   0.06567   0.01734   0.01653
    45/399     20.1G      0.03  0.009791  0.005859   0.04565        38       416    0.9494    0.9274    0.9701    0.6656   0.06857   0.01794   0.01514
    46/399     20.1G   0.03174  0.009717  0.004777   0.04623        31       416    0.9287    0.9214    0.9509    0.6671   0.06943   0.01824   0.01428
    47/399     20.1G   0.03148  0.009388  0.003396   0.04426        33       416    0.9522    0.9388     0.978    0.6852   0.06762   0.01771   0.01782
    48/399     20.1G   0.03287  0.009628  0.007288   0.04978        55       416    0.9715    0.9281    0.9763    0.6742   0.06708    0.0175   0.01636
    49/399     20.1G   0.02808  0.009289  0.004498   0.04187        43       416    0.9298    0.9311    0.9656    0.6366   0.06842   0.01787   0.01349
    50/399     20.1G   0.03047  0.009921  0.003298   0.04369        42       416    0.9326    0.9341    0.9634    0.6638   0.06905   0.01767   0.01468
    51/399     20.1G   0.03668  0.009524  0.003754   0.04996        44       416    0.9281    0.9511    0.9799    0.6968     0.067   0.01765   0.01671
    52/399     20.1G   0.03061   0.00926  0.003515   0.04338        41       416    0.9468    0.9252     0.976    0.6618   0.06719   0.01816   0.01866
    53/399     20.1G   0.03722  0.009223   0.00706   0.05351        34       416    0.9431    0.8675    0.9596    0.6743   0.06847   0.01795   0.02066
    54/399     20.1G   0.03392  0.009939  0.006596   0.05045        49       416    0.9533    0.9437    0.9748    0.6987   0.06705   0.01784   0.01595
    55/399     20.1G   0.03215  0.008706  0.004012   0.04486        37       416    0.9521     0.937    0.9764    0.6951   0.06746   0.01806   0.01647
    56/399     20.1G   0.03772  0.009379  0.004283   0.05138        44       416    0.9433    0.9256    0.9617    0.6773   0.06742   0.01746   0.01616
    57/399     20.1G   0.03413  0.009544  0.003358   0.04703        52       416    0.9412    0.9489    0.9748    0.6779   0.06973   0.01731   0.01685
    58/399     20.1G   0.03543   0.01006   0.00358   0.04906        88       416    0.9604    0.9019    0.9655    0.6864   0.07039   0.01789   0.01697
    59/399     20.1G   0.03384   0.01019  0.004757   0.04879        68       416    0.9726    0.9485     0.983    0.6872   0.06613   0.01798   0.01834
    60/399     20.1G    0.0327  0.009343  0.005625   0.04767        34       416    0.9696    0.9157    0.9676    0.6756   0.06813   0.01795   0.01649
    61/399     20.1G   0.03521   0.01029  0.002934   0.04843        50       416    0.9732    0.9409    0.9835     0.715   0.06535   0.01801   0.01846
    62/399     20.1G   0.03425   0.01011  0.007598   0.05196        53       416     0.938     0.834    0.8942    0.5946   0.07032   0.01932   0.02251
    63/399     20.1G   0.03446   0.01016  0.004226   0.04885        43       416    0.9157    0.8657     0.883    0.6024   0.07195   0.01978   0.02188
    64/399     20.1G   0.03118  0.009146  0.005664   0.04599        45       416    0.9255    0.9342    0.9595    0.6209   0.06981   0.01816   0.01766
    65/399     20.1G   0.03339  0.009939  0.007866    0.0512        65       416    0.9769    0.9041    0.9743    0.7123   0.06628   0.01763   0.01859
    66/399     20.1G   0.03418  0.009837  0.005584    0.0496        35       416    0.9744    0.9099    0.9716    0.6733   0.06825   0.01755   0.01817
    67/399     20.1G   0.03778  0.009838  0.005726   0.05334        41       416    0.9351    0.9408    0.9713    0.6859   0.06894   0.01805   0.01586
    68/399     20.1G   0.03047  0.009577  0.003559   0.04361        44       416    0.9848    0.9182    0.9753    0.6702   0.06817   0.01798   0.01678
    69/399     20.1G   0.03303  0.009284  0.008398   0.05071        34       416    0.9291    0.9233    0.9709    0.6753   0.06832   0.01817   0.01689
    70/399     20.1G   0.04046  0.009621  0.007234   0.05731        46       416    0.9486    0.9239    0.9673    0.6425   0.06962   0.01764   0.01823
    71/399     20.1G   0.03341  0.009864  0.007768   0.05105        71       416    0.9108    0.9213    0.9683    0.6982   0.06783   0.01783   0.01731
    72/399     20.1G   0.03295   0.01025  0.006193   0.04939        51       416    0.9722    0.9362    0.9716    0.6167   0.07041   0.01836   0.01643
    73/399     20.1G   0.03571  0.009529  0.004358    0.0496        32       416    0.9761    0.9007    0.9698    0.6808   0.06739   0.01839    0.0201
    74/399     20.1G    0.0371  0.009867  0.008053   0.05502        47       416    0.9617    0.9237    0.9698    0.6826   0.06895   0.01773   0.01797
    75/399     20.1G   0.03712   0.01006   0.01274   0.05991        41       416    0.8977    0.8402    0.9083    0.6347    0.0694   0.01794   0.01863
    76/399     20.1G   0.03541  0.009627   0.00482   0.04986        40       416    0.9727    0.8786    0.9592    0.6167   0.06964   0.01768   0.01456
    77/399     20.1G   0.04072  0.009567  0.007388   0.05768        37       416    0.9899    0.9032    0.9688    0.6774   0.06738   0.01665   0.01383
    78/399     20.1G   0.03215  0.009137     0.004   0.04529        38       416    0.9846     0.909    0.9728    0.6506   0.06855   0.01732   0.01428
    79/399     20.1G   0.03275   0.01002  0.005379   0.04815        47       416     0.982    0.9198     0.975    0.7051   0.06627   0.01771   0.01585
    80/399     20.1G   0.03142  0.009537  0.007398   0.04836        62       416    0.9585    0.9316    0.9836    0.7038   0.06528   0.01789   0.01515
    81/399     20.1G   0.03506  0.009544  0.004206   0.04881        42       416    0.9275    0.9601    0.9774    0.7055    0.0667   0.01739   0.01566
    82/399     20.1G   0.03701  0.009478  0.005747   0.05224        41       416    0.9655    0.9162     0.973     0.709   0.06641   0.01783    0.0165
    83/399     20.1G   0.03274   0.01031  0.008303   0.05136        45       416    0.9512    0.9222    0.9678    0.6447   0.06912    0.0177   0.01668
    84/399     20.1G   0.03831   0.01008  0.004943   0.05333        50       416    0.9875    0.8996     0.968    0.6439   0.06986   0.01781   0.01434
    85/399     20.1G   0.03768  0.009732  0.006711   0.05412        36       416    0.9351    0.9653    0.9813    0.7169   0.06618   0.01757   0.01546
    86/399     20.1G   0.03425  0.009988  0.005242   0.04948        44       416    0.9808    0.9293    0.9842      0.69   0.06803   0.01802   0.01603
    87/399     20.1G   0.03275  0.009372  0.003584   0.04571        37       416    0.9094    0.9647    0.9771    0.6935   0.06936   0.01857   0.01681
    88/399     20.1G   0.02892  0.008848  0.003845   0.04161        29       416    0.9661    0.9255    0.9732    0.6571   0.06888   0.01874   0.01806
    89/399     20.1G   0.03148  0.009736  0.003971   0.04519        30       416     0.952    0.9281    0.9777    0.6767   0.06784   0.01884   0.01683
    90/399     20.1G    0.0396  0.009152  0.007503   0.05626        40       416    0.9623    0.9431    0.9776    0.6786   0.06745   0.01843   0.01634
    91/399     20.1G   0.03343   0.01023  0.007308   0.05097        35       416    0.8983    0.8936    0.9513    0.6264   0.07094   0.01977   0.01497
    92/399     20.1G   0.03557   0.01007  0.005488   0.05112        58       416    0.9293    0.8602    0.9565    0.6396   0.06982   0.01958   0.01497
    93/399     20.1G   0.03412    0.0098  0.004647   0.04856        52       416    0.7811    0.8576     0.871    0.5799   0.07119   0.01962   0.01497
    94/399     20.1G    0.0354   0.00994  0.005466   0.05081        57       416    0.8098    0.8733    0.8885    0.5233   0.07335   0.01951   0.01459
    95/399     20.1G    0.0399   0.01052  0.007009   0.05743        51       416    0.9129    0.8985      0.95    0.6331   0.06916   0.01813   0.01531
    96/399     20.1G   0.03613    0.0101  0.006261   0.05249        57       416    0.8604    0.8137      0.86    0.5529   0.07331   0.02057   0.01449
    97/399     20.1G   0.03418  0.009426  0.004912   0.04852        28       416    0.8302    0.8238    0.8585    0.5532   0.07389   0.02138   0.01345
    98/399     20.1G   0.03639  0.009451  0.003933   0.04978        31       416    0.9313    0.8448    0.9335    0.5922   0.06991   0.02076   0.01348
    99/399     20.1G   0.03353   0.01007  0.005177   0.04878        61       416    0.9242    0.9205    0.9579    0.6049   0.06941    0.0195   0.01431
   100/399     20.1G   0.03344  0.009769  0.005475   0.04869        53       416    0.9545    0.8287    0.9334    0.5997   0.07194   0.01899   0.01385
   101/399     20.1G   0.03908   0.01035  0.006976   0.05641        46       416    0.9387    0.9402    0.9726    0.6226   0.06951   0.01826   0.01358
   102/399     20.1G   0.03542   0.00902  0.005795   0.05024        37       416    0.8806    0.8827     0.912    0.6169   0.07119   0.01851   0.01394
   103/399     20.1G   0.03725  0.009844  0.007056   0.05415        44       416    0.9154    0.9002    0.9448    0.6281    0.0708   0.01875    0.0134
   104/399     20.1G   0.03343   0.00943  0.003221   0.04608        37       416    0.9498    0.9144    0.9716    0.6917   0.06844   0.01926   0.01442
   105/399     20.1G   0.03324  0.009746  0.003317    0.0463        54       416    0.9133    0.9363    0.9687    0.6791   0.06897   0.01876    0.0159
   106/399     20.1G   0.03699  0.009834  0.005358   0.05219        59       416    0.9552    0.9244    0.9711    0.6578   0.07018   0.01793   0.01488
   107/399     20.1G   0.03559  0.009594  0.006137   0.05132        48       416    0.8746    0.8851    0.9445    0.6655   0.06951   0.01827   0.01494
   108/399     20.1G   0.03701  0.009518  0.008146   0.05467        39       416    0.8938    0.9339    0.9522     0.628   0.06851   0.01803   0.01499
   109/399     20.1G   0.03548   0.01019  0.004539    0.0502        49       416    0.8687    0.7742     0.833    0.5577    0.0688   0.01964   0.01757
   110/399     20.1G   0.03389   0.00948  0.005554   0.04893        35       416     0.824     0.826    0.8282    0.5291   0.07185   0.02067   0.02041
   111/399     20.1G   0.03248  0.009822  0.007166   0.04947        63       416    0.9719     0.861    0.9341    0.6492   0.06861   0.01892   0.01521
   112/399     20.1G   0.03208  0.009541  0.004932   0.04655        36       416    0.9195    0.8794    0.9383    0.6598   0.06915   0.01885   0.01461
   113/399     20.1G    0.0367   0.00991   0.00471   0.05132        44       416    0.9653    0.8501    0.9334    0.6511   0.07014   0.01957   0.01393
   114/399     20.1G   0.02928  0.009711  0.004954   0.04394        57       416     0.958    0.8925    0.9505    0.6499   0.06822   0.01844   0.01415
   115/399     20.1G   0.03638  0.009957  0.004588   0.05093        54       416    0.9339    0.9263    0.9715    0.6888   0.06711   0.01774   0.01496
   116/399     20.1G   0.03655  0.009357  0.004594    0.0505        33       416    0.9246    0.9147    0.9606    0.6881   0.06814   0.01798   0.01527
   117/399     20.1G   0.03264   0.01044   0.00332    0.0464        38       416    0.9476    0.9014    0.9577     0.664   0.06747   0.01856   0.01428
   118/399     20.1G   0.03412   0.00992   0.00314   0.04718        54       416    0.9074    0.8745    0.9285    0.6154   0.06952   0.01853   0.01333
   119/399     20.1G    0.0358  0.009665  0.006044   0.05151        31       416    0.9455     0.873    0.9286     0.607    0.0689   0.01915   0.01323
   120/399     20.1G   0.03634   0.01026  0.004864   0.05147        61       416     0.892    0.7599    0.8773    0.5641   0.07199   0.02011    0.0134
   121/399     20.1G   0.03545  0.009906  0.007339    0.0527        33       416    0.9194     0.914    0.9605    0.6002   0.07188   0.01966   0.01643
   122/399     20.1G   0.03475   0.01031  0.005649   0.05071        76       416    0.8726    0.9171    0.9361     0.591   0.07113   0.01899   0.01805
   123/399     20.1G   0.03184  0.009902  0.004391   0.04613        31       416    0.9399    0.8979    0.9489    0.6536   0.06655   0.01856   0.01904
   124/399     20.1G   0.03315    0.0106   0.00382   0.04757        64       416    0.9584    0.9117    0.9686    0.6553   0.06742   0.01907    0.0175
   125/399     20.1G    0.0302   0.01011   0.00551   0.04582        26       416     0.954    0.9134    0.9647    0.6385   0.06797    0.0181    0.0172
   126/399     20.1G   0.03202  0.009479  0.004396    0.0459        30       416    0.8986    0.8996    0.9592    0.6415    0.0703   0.01865   0.01774
   127/399     20.1G   0.03629   0.01023  0.004893   0.05141        44       416    0.9141    0.8064     0.918    0.5428   0.07476   0.01859   0.01927
   128/399     20.1G    0.0344  0.009941  0.005749   0.05009        45       416     0.917    0.8618    0.9459    0.5928   0.07228   0.01797   0.01801
   129/399     20.1G   0.03323  0.009587  0.003363   0.04618        49       416    0.9407    0.9277    0.9628    0.6328   0.07109   0.01851   0.01507
   130/399     20.1G   0.03003    0.0101  0.005043   0.04517        48       416    0.9747    0.9308    0.9722    0.6565   0.06967   0.01855     0.015
   131/399     20.1G   0.03369   0.00962  0.004397    0.0477        49       416     0.895    0.9423    0.9689    0.6709   0.06872   0.01905   0.01687
   132/399     20.1G   0.03605   0.01002  0.004521   0.05059        42       416    0.8354    0.7741    0.8609    0.5755   0.07349   0.01953   0.02095
   133/399     20.1G   0.03289  0.009688  0.004169   0.04675        43       416    0.8602    0.7654    0.8585    0.5714   0.07336   0.01925    0.0206
   134/399     20.1G   0.03843  0.009928  0.005851   0.05421        55       416    0.9238    0.8555    0.9261    0.6132   0.07134   0.01928    0.0174
   135/399     20.1G    0.0365  0.009996  0.004738   0.05124        63       416    0.9138    0.9125    0.9634     0.631   0.06933   0.01934   0.01657
   136/399     20.1G   0.03377  0.009667  0.005213   0.04865        55       416    0.8956     0.933     0.963    0.6757   0.06823   0.01893   0.01663
   137/399     20.1G   0.03551  0.009704  0.006552   0.05177        63       416    0.9411     0.909    0.9772    0.6784   0.06827   0.01891   0.01698
   138/399     20.1G   0.03226   0.01017  0.004152   0.04658        57       416    0.9591    0.8594    0.9184    0.6013   0.06972   0.01903   0.01545
   139/399     20.1G   0.03186   0.01005   0.00475   0.04666        39       416    0.6886    0.6822    0.6929    0.4225   0.07781   0.03168   0.03204
   140/399     20.1G   0.03862   0.01029  0.005764   0.05468        57       416    0.7895    0.6796    0.7458    0.4685   0.07672   0.02673   0.02817
   141/399     20.1G   0.03277  0.009471  0.003228   0.04547        50       416    0.9222    0.7862    0.8508    0.5386   0.07118   0.02037   0.02056
   142/399     20.1G   0.03593  0.009781  0.005678   0.05139        76       416    0.9531     0.913    0.9744    0.6811   0.06762   0.01767   0.01596
   143/399     20.1G   0.03457  0.009288  0.004927   0.04879        38       416     0.955     0.945    0.9764    0.6601    0.0665   0.01793   0.01374
   144/399     20.1G   0.03775  0.009561  0.005828   0.05314        33       416    0.9413    0.9316    0.9731    0.6687    0.0651   0.01857   0.01363
   145/399     20.1G   0.03762   0.01034   0.00524    0.0532        78       416    0.9578    0.9408    0.9742    0.6754   0.06551   0.01867   0.01298
   146/399     20.1G   0.03522  0.009379  0.006953   0.05155        36       416    0.9771    0.8361    0.9472    0.6551   0.06738   0.01849   0.01295
   147/399     20.1G   0.03211  0.009204  0.006274   0.04758        37       416    0.9045     0.848    0.9187    0.6339   0.06816   0.01871   0.01539
   148/399     20.1G   0.03162  0.009601  0.004489   0.04571        52       416    0.8835    0.8255    0.8797    0.6005   0.06755   0.01977   0.01549
   149/399     20.1G   0.03546  0.009656  0.005212   0.05032        33       416    0.9135    0.8563    0.9281    0.6348   0.06696   0.01874   0.01574
   150/399     20.1G     0.034  0.009524  0.006858   0.05038        59       416    0.9197    0.9002    0.9441    0.6293   0.06563   0.01951   0.01647
   151/399     20.1G   0.03542  0.009355  0.005364   0.05014        44       416    0.9857     0.895    0.9746    0.6776   0.06567   0.01909    0.0145
   152/399     20.1G   0.03251  0.009633  0.004528   0.04667        60       416    0.9759    0.9162     0.975     0.696   0.06616   0.01908    0.0137
   153/399     20.1G   0.03494  0.009791   0.01017   0.05491        51       416    0.9841    0.8842    0.9633    0.6638   0.06675   0.01844    0.0144
   154/399     20.1G   0.03339  0.009062  0.004483   0.04694        60       416    0.6925    0.7551    0.6809    0.4306   0.07267   0.02151   0.02056
   155/399     20.1G   0.03048  0.009682  0.006771   0.04694        46       416     0.818    0.7218    0.7322    0.4817   0.07654   0.02353   0.04528
   156/399     20.1G   0.03009  0.009697  0.003016    0.0428        60       416    0.7327    0.7588    0.6876     0.464   0.07657   0.02658   0.05072
   157/399     20.1G   0.03693  0.009062  0.004467   0.05045        26       416    0.8025    0.7568    0.7575    0.4932   0.07314   0.02046   0.02673
   158/399     20.1G   0.03592  0.009275  0.007698    0.0529        39       416    0.9452    0.8805    0.9325    0.6338   0.06901   0.01942   0.01232
   159/399     20.1G   0.03371  0.009585  0.003958   0.04725        56       416    0.9705    0.8907    0.9662    0.6813    0.0676   0.01973   0.01056
   160/399     20.1G   0.03469  0.009301  0.003893   0.04788        47       416    0.9607    0.9044    0.9599    0.6705   0.06907   0.01933   0.01035
   161/399     20.1G    0.0367  0.009922  0.006868   0.05349        56       416    0.9786     0.931    0.9633    0.6726   0.06851   0.01827    0.0107
   162/399     20.1G   0.03721   0.00943  0.008918   0.05556        44       416    0.9314    0.8074    0.8494    0.5615   0.07302   0.01986    0.0158
   163/399     20.1G   0.02842   0.00954  0.006005   0.04397        59       416    0.7217    0.7535    0.6769    0.4684   0.07569   0.02368   0.03989
   164/399     20.1G   0.02953  0.009197  0.004349   0.04308        39       416    0.8217    0.7308    0.7094    0.4756   0.07615    0.0242   0.04224
   165/399     20.1G   0.03353  0.009906  0.005113   0.04855        59       416    0.8395     0.738    0.8014    0.5442   0.07433   0.02202    0.0341
   166/399     20.1G   0.03229  0.008975  0.007521   0.04878        43       416    0.9074    0.7194    0.7915    0.5391   0.07374    0.0242   0.03548
   167/399     20.1G   0.03399  0.009311  0.006105   0.04941        53       416    0.9211    0.7133    0.7906    0.5381   0.07412   0.02517    0.0332
   168/399     20.1G   0.03439  0.009499  0.003955   0.04784        57       416    0.8694    0.7495    0.8017    0.5593   0.07336   0.02296   0.03029
   169/399     20.1G   0.03303  0.009124  0.004064   0.04622        34       416    0.8572     0.761    0.8354    0.5936   0.07177   0.02094   0.02486
   170/399     20.1G   0.03112  0.009023  0.002868   0.04301        38       416    0.8824     0.869    0.9006    0.6257   0.07036   0.02022    0.0212
   171/399     20.1G   0.02974  0.009354  0.005088   0.04418        57       416    0.9374    0.8578    0.9218    0.6401   0.06855    0.0194   0.01764
   172/399     20.1G   0.02886  0.009105  0.004391   0.04235        33       416    0.9511    0.9229    0.9512    0.7073   0.06715    0.0182   0.01553
   173/399     20.1G   0.03246  0.008787  0.002545   0.04379        46       416     0.946    0.9342    0.9668    0.7182   0.06597   0.01792   0.01583
   174/399     20.1G   0.03721  0.009022  0.004966    0.0512        44       416    0.9809    0.9186     0.979    0.7174    0.0638   0.01864   0.01673
   175/399     20.1G   0.03294  0.009422  0.007351   0.04971        28       416    0.9448    0.9549    0.9831    0.7163   0.06432   0.01896   0.01678
   176/399     20.1G    0.0295  0.009477  0.003693   0.04267        47       416    0.9617    0.9444    0.9781    0.7315   0.06446   0.01845   0.01613
   177/399     20.1G   0.03362  0.008778  0.005747   0.04814        30       416    0.9838     0.932    0.9745     0.714   0.06556   0.01862   0.01631
   178/399     20.1G   0.03451  0.009588   0.00363   0.04772        73       416    0.9906    0.9122    0.9746    0.7021    0.0647   0.01847   0.01637
   179/399     20.1G   0.03093  0.008657    0.0031   0.04269        39       416    0.9722    0.9371    0.9794    0.7022   0.06452   0.01846   0.01657
   180/399     20.1G   0.03701  0.009254  0.005318   0.05158        48       416     0.982    0.9406    0.9762     0.682   0.06554   0.01874   0.01722
   181/399     20.1G   0.03049   0.00943  0.003501   0.04342        39       416    0.9519    0.9252    0.9697    0.7009   0.06606    0.0193   0.01773
   182/399     20.1G   0.03302  0.008912   0.00215   0.04408        35       416    0.9522    0.9252     0.967    0.7048   0.06636   0.01917   0.01797
   183/399     20.1G   0.03623  0.009127   0.00481   0.05016        45       416    0.9657    0.9186    0.9717    0.7035    0.0672   0.01879   0.01717
   184/399     20.1G   0.03089  0.009098  0.003157   0.04315        51       416    0.9432    0.9407    0.9768    0.7066   0.06732   0.01869   0.01652
   185/399     20.1G   0.03866  0.008832  0.005584   0.05307        57       416    0.9648    0.9092    0.9748    0.7096   0.06637    0.0184   0.01749
   186/399     20.1G   0.03196  0.008947  0.003635   0.04455        46       416    0.9282    0.9087    0.9634    0.6837   0.06803    0.0186   0.01909
   187/399     20.1G   0.03104   0.00853  0.004389   0.04396        28       416      0.94    0.8818    0.9437    0.6358   0.06903   0.01927   0.02003
   188/399     20.1G   0.03215  0.009044  0.005904    0.0471        34       416    0.9585    0.8909    0.9472    0.6705   0.06893   0.01883    0.0185
   189/399     20.1G    0.0326  0.009447  0.003438   0.04548        41       416    0.9517    0.8849    0.9539    0.6748   0.06784    0.0183   0.02006
   190/399     20.1G    0.0341  0.008622  0.006672   0.04939        39       416    0.9682     0.904    0.9683    0.7015   0.06733     0.018   0.01866
   191/399     20.1G   0.03109  0.009535  0.003242   0.04386        52       416    0.9512    0.8511    0.9391    0.6576   0.06894   0.01892   0.01604
   192/399     20.1G   0.03142  0.009182  0.007313   0.04791        47       416    0.9422    0.9318     0.957    0.6784   0.06627   0.01887   0.01599
   193/399     20.1G    0.0322  0.008244  0.007716   0.04816        38       416    0.9738    0.9197    0.9721    0.6895   0.06409   0.01862   0.01701
   194/399     20.1G   0.02945  0.008763  0.003484    0.0417        51       416    0.9592    0.9336    0.9733    0.7225   0.06375   0.01805   0.01733
   195/399     20.1G   0.03202  0.008633  0.003877   0.04453        23       416    0.9676    0.9451    0.9812    0.7187   0.06357   0.01764    0.0178
   196/399     20.1G   0.02777  0.008533  0.003813   0.04011        32       416    0.9702    0.9347    0.9757    0.7059   0.06443   0.01821   0.01774
   197/399     20.1G    0.0315  0.008804  0.005592    0.0459        44       416     0.969    0.9344    0.9729    0.7068   0.06436   0.01871   0.01668
   198/399     20.1G   0.02694  0.009045  0.004565   0.04055        46       416    0.9522    0.9155    0.9608     0.704   0.06417   0.01855   0.01776
   199/399     20.1G   0.03117  0.008541  0.005315   0.04502        37       416    0.9527    0.8753    0.9669    0.7079   0.06422   0.01868   0.01822
   200/399     20.1G   0.02755   0.00909  0.005245   0.04188        57       416    0.9642    0.9444    0.9781     0.714   0.06443    0.0185   0.01786
   201/399     20.1G   0.03112   0.00826  0.006325    0.0457        38       416    0.9797    0.9492    0.9771    0.7259   0.06514   0.01827   0.01676
   202/399     20.1G   0.02945  0.008756   0.00415   0.04235        27       416    0.9709    0.9473    0.9771    0.6929   0.06589   0.01848   0.01571
   203/399     20.1G   0.03471  0.008955  0.005032    0.0487        39       416    0.9718    0.9437    0.9802     0.702   0.06672   0.01828   0.01591
   204/399     20.1G   0.03628  0.009361  0.005061    0.0507        52       416     0.985    0.9344    0.9812    0.7018   0.06651   0.01838   0.01664
   205/399     20.1G      0.03  0.008628  0.003618   0.04225        48       416    0.9756    0.9455    0.9833    0.7081   0.06596   0.01836   0.01688
   206/399     20.1G   0.03348  0.009022  0.002322   0.04482        61       416    0.9919    0.9243    0.9799    0.7034   0.06537   0.01786   0.01593
   207/399     20.1G   0.03403  0.009075  0.003178   0.04629        47       416    0.9949    0.9177    0.9751    0.7214   0.06424   0.01821   0.01428
   208/399     20.1G   0.02961  0.009218   0.00638   0.04521        43       416    0.9853    0.9281    0.9793    0.7282   0.06366   0.01848   0.01307
   209/399     20.1G   0.03233  0.008464  0.005381   0.04618        34       416    0.9588    0.9503    0.9764    0.7241   0.06415   0.01854   0.01135
   210/399     20.1G   0.03289  0.008676  0.005168   0.04674        42       416    0.9643    0.9678    0.9851    0.7365    0.0641   0.01834   0.01131
   211/399     20.1G   0.03074  0.008646  0.002847   0.04224        40       416    0.9592    0.9653    0.9858    0.7307   0.06422   0.01825   0.01158
   212/399     20.1G   0.03136  0.008501  0.004301   0.04416        37       416    0.9531    0.9528    0.9806    0.7274   0.06307   0.01798    0.0118
   213/399     20.1G    0.0325  0.008976   0.00537   0.04684        42       416    0.9596    0.9436    0.9668    0.7099   0.06286   0.01785     0.012
   214/399     20.1G   0.02791  0.008124  0.004054   0.04009        37       416    0.9598    0.9457    0.9785    0.7333   0.06261   0.01783   0.01099
   215/399     20.1G   0.03388  0.008625   0.00314   0.04565        38       416    0.9608    0.9444     0.979    0.7115   0.06382   0.01803   0.01159
   216/399     20.1G   0.03307  0.008734  0.003628   0.04544        40       416    0.9723    0.8977    0.9433     0.691   0.06491    0.0188   0.01401
   217/399     20.1G   0.02667    0.0085  0.002579   0.03775        35       416    0.9155     0.867    0.9061    0.6781   0.06673    0.0197   0.01908
   218/399     20.1G   0.02611  0.008237  0.002244   0.03659        43       416    0.9224    0.8829    0.9119     0.671   0.06744   0.02036   0.02204
   219/399     20.1G   0.03215  0.007831  0.008366   0.04834        34       416    0.8674    0.8197    0.8685    0.6446   0.06937   0.02118   0.02167
   220/399     20.1G   0.02983  0.008389  0.003645   0.04187        27       416    0.7604    0.8082    0.7507    0.5488   0.06986   0.02147   0.02158
   221/399     20.1G   0.03184  0.008606  0.004481   0.04492        31       416    0.8645    0.8326    0.8926    0.6462   0.06804   0.01982   0.02082
   222/399     20.1G   0.03087  0.008483  0.004527   0.04388        42       416    0.9788    0.8821     0.938     0.681   0.06751   0.01962   0.02148
   223/399     20.1G   0.03248  0.008815  0.002348   0.04364        33       416    0.9706    0.8886    0.9343    0.6872   0.06777   0.01927   0.02115
   224/399     20.1G   0.03289  0.008667  0.002541    0.0441        71       416    0.9676      0.92    0.9511    0.7049   0.06652   0.01877    0.0182
   225/399     20.1G   0.03327  0.008333  0.004039   0.04565        51       416    0.9681    0.9008    0.9686    0.6987   0.06549   0.01859   0.01722
   226/399     20.1G   0.03089  0.008574  0.002694   0.04216        36       416    0.9533    0.9058    0.9654     0.674   0.06537    0.0185   0.01786
   227/399     20.1G   0.02602  0.008053  0.005523   0.03959        35       416    0.9269    0.9542    0.9699    0.7059   0.06553   0.01837   0.01644
   228/399     20.1G   0.02918  0.008139  0.001622   0.03894        44       416    0.9557    0.9567    0.9814    0.7438   0.06459   0.01859   0.01568
   229/399     20.1G   0.02755  0.008349  0.003569   0.03947        25       416    0.9586    0.9529    0.9841    0.7446    0.0644   0.01849   0.01557
   230/399     20.1G   0.03449  0.008276  0.005745   0.04851        45       416    0.9498    0.9717     0.987    0.7408   0.06439   0.01823   0.01483
   231/399     20.1G   0.02748  0.008014  0.003229   0.03872        22       416    0.9654    0.9713    0.9858     0.733   0.06454   0.01836    0.0145
   232/399     20.1G    0.0245  0.008523  0.001909   0.03493        40       416    0.9797    0.9622    0.9833    0.7312   0.06469   0.01869   0.01405
   233/399     20.1G   0.03187  0.008211  0.006113   0.04619        38       416    0.9718    0.9565    0.9826    0.7278   0.06437   0.01895    0.0137
   234/399     20.1G   0.02837  0.008671  0.005756   0.04279        50       416    0.9454    0.9707    0.9847    0.7341   0.06419   0.01906   0.01382
   235/399     20.1G   0.03052  0.008627  0.006908   0.04606        29       416    0.9554    0.9686    0.9838    0.7323   0.06448     0.019   0.01421
   236/399     20.1G   0.03136  0.007997  0.005877   0.04523        26       416    0.9665    0.9383    0.9795    0.7355     0.064   0.01898   0.01377
   237/399     20.1G   0.03061  0.008235  0.004665   0.04351        44       416    0.9544    0.9627    0.9823    0.7437   0.06451   0.01888   0.01283
   238/399     20.1G    0.0305  0.008399  0.004404   0.04331        48       416    0.9872    0.9318    0.9825    0.7332    0.0633   0.01894   0.01337
   239/399     20.1G   0.03038  0.008581  0.005003   0.04397        55       416    0.9611    0.9532    0.9861    0.7266    0.0631   0.01911   0.01413
   240/399     20.1G    0.0298  0.008209  0.005837   0.04385        46       416    0.9753    0.9351    0.9833     0.721    0.0635   0.01908   0.01363
   241/399     20.1G   0.03131  0.008042  0.003148    0.0425        45       416    0.9867    0.9186    0.9793    0.7273   0.06288    0.0186   0.01405
   242/399     20.1G   0.02669  0.008413  0.006317   0.04142        47       416    0.9554    0.9443    0.9748    0.7272   0.06249   0.01851     0.016
   243/399     20.1G    0.0321  0.008383  0.006756   0.04724        46       416    0.9532      0.95    0.9765    0.7501   0.06247   0.01837   0.01544
   244/399     20.1G   0.02898  0.007927  0.003419   0.04033        48       416    0.9715    0.9238    0.9744    0.7476   0.06338    0.0186   0.01563
   245/399     20.1G   0.03028  0.008297  0.002728   0.04131        56       416    0.9654    0.9135    0.9696    0.7365   0.06483   0.01884   0.01502
   246/399     20.1G   0.02818  0.008076  0.002774   0.03903        37       416    0.9817    0.8881    0.9463    0.7199   0.06505   0.01905   0.01587
   247/399     20.1G   0.02971  0.008559   0.00411   0.04238        56       416    0.9353    0.9214    0.9422    0.7137   0.06576    0.0198   0.01839
   248/399     20.1G   0.02637  0.007403  0.003644   0.03742        37       416    0.8503    0.8827    0.9151     0.664   0.06612   0.02083   0.02136
   249/399     20.1G   0.03059  0.008022  0.004364   0.04298        27       416     0.898    0.8222    0.9091     0.661   0.06641    0.0213   0.02323
   250/399     20.1G   0.02806  0.008746  0.004346   0.04115        35       416    0.9179    0.7972    0.9048    0.6438    0.0683   0.02135    0.0256
   251/399     20.1G   0.03343    0.0085  0.003721   0.04565        57       416    0.8758    0.9243    0.9163    0.6659   0.06827   0.02095   0.02469
   252/399     20.1G   0.02608  0.007817  0.007356   0.04125        38       416    0.9664    0.8825      0.95    0.6939   0.06802   0.02028   0.02064
   253/399     20.1G   0.02891  0.008909   0.00685   0.04467        52       416    0.9608    0.8672    0.9652     0.706   0.06821   0.01958   0.01811
   254/399     20.1G   0.03021  0.008426  0.002615   0.04126        49       416    0.9612    0.8523    0.9568    0.7165   0.06699    0.0192   0.01689
   255/399     20.1G   0.03212  0.007695  0.004926   0.04475        45       416    0.9228    0.9385    0.9629    0.7172   0.06705   0.01929   0.01536
   256/399     20.1G   0.02612  0.008445  0.004219   0.03879        41       416     0.973    0.9269    0.9788    0.7397   0.06574   0.01902   0.01481
   257/399     20.1G   0.02807  0.008184  0.003071   0.03933        53       416     0.979     0.928    0.9793    0.7477   0.06501   0.01909   0.01549
   258/399     20.1G   0.02967  0.008649   0.00422   0.04254        51       416    0.9841    0.9161    0.9757    0.7295   0.06529    0.0193   0.01616
   259/399     20.1G   0.02712  0.007836  0.002176   0.03714        38       416    0.9654    0.9207    0.9798    0.7162   0.06551   0.01923   0.01575
   260/399     20.1G   0.02607  0.008815  0.004052   0.03893        47       416    0.9676    0.9306    0.9796    0.7229   0.06599   0.01907   0.01448
   261/399     20.1G   0.03277  0.008213  0.006696   0.04767        54       416    0.9535    0.9422    0.9767     0.731   0.06584   0.01898   0.01416
   262/399     20.1G   0.02808  0.008431  0.002152   0.03866        41       416    0.9741    0.9258    0.9786    0.7309   0.06505   0.01916   0.01487
   263/399     20.1G   0.02986  0.008203  0.002689   0.04075        40       416    0.9728     0.931     0.979    0.7479   0.06379   0.01899   0.01613
   264/399     20.1G   0.02633  0.008004  0.004489   0.03883        51       416    0.9807    0.9462    0.9781    0.7345   0.06371   0.01875   0.01601
   265/399     20.1G   0.02553  0.008554  0.002249   0.03633        49       416    0.9774    0.9533    0.9778     0.735   0.06383   0.01891   0.01539
   266/399     20.1G   0.02613   0.00833  0.002904   0.03736        58       416    0.9814    0.9464    0.9784    0.7337   0.06389   0.01919   0.01545
   267/399     20.1G    0.0293  0.008041  0.004962    0.0423        47       416    0.9651    0.9586    0.9804    0.7332   0.06386   0.01935   0.01571
   268/399     20.1G   0.02993  0.008381  0.002206   0.04052        48       416    0.9868    0.9352    0.9821    0.7358   0.06422   0.01947   0.01574
   269/399     20.1G   0.02904  0.008518  0.004213   0.04178        66       416    0.9759    0.9314    0.9798    0.7321   0.06449   0.01959   0.01579
   270/399     20.1G   0.02563  0.007983  0.002194   0.03581        62       416    0.9818    0.9179    0.9769    0.7273   0.06443    0.0199   0.01588
   271/399     20.1G   0.02641  0.007856   0.00255   0.03681        36       416    0.9786     0.924    0.9786    0.7401   0.06435   0.01965   0.01621
   272/399     20.1G   0.02985  0.008303  0.001825   0.03998        65       416    0.9734    0.9514    0.9837    0.7448   0.06331   0.01924   0.01679
   273/399     20.1G   0.02705  0.008063  0.002994   0.03811        41       416    0.9884    0.9353    0.9832    0.7479   0.06348   0.01888   0.01671
   274/399     20.1G   0.02919  0.008436  0.005136   0.04276        38       416    0.9682    0.9453    0.9823    0.7537    0.0635   0.01856   0.01656
   275/399     20.1G   0.02802  0.008001  0.002442   0.03846        58       416    0.9728    0.9441    0.9815    0.7483   0.06325   0.01856   0.01591
   276/399     20.1G   0.02635  0.007845  0.004247   0.03844        61       416    0.9628    0.9344     0.979    0.7491    0.0638   0.01858   0.01561
   277/399     20.1G   0.02546  0.007761   0.00357   0.03679        30       416    0.9862    0.9216    0.9773    0.7532   0.06384   0.01845   0.01506
   278/399     20.1G    0.0275  0.007675   0.00172   0.03689        42       416    0.9762    0.9367    0.9779    0.7533   0.06409   0.01876   0.01498
   279/399     20.1G   0.02926  0.008588  0.003156   0.04101        38       416    0.9719    0.9531     0.982    0.7617   0.06447   0.01887   0.01512
   280/399     20.1G   0.03095  0.007548  0.008266   0.04677        44       416    0.9869      0.95    0.9834    0.7643   0.06411   0.01899   0.01498
   281/399     20.1G   0.02776  0.008425  0.007067   0.04325        50       416    0.9756    0.9553    0.9853    0.7645   0.06295   0.01878   0.01453
   282/399     20.1G   0.03042  0.008304  0.003321   0.04205        53       416    0.9564    0.9531     0.982    0.7487   0.06319   0.01856   0.01401
   283/399     20.1G   0.03173  0.008245   0.00569   0.04567        68       416    0.9754    0.9406    0.9857    0.7561   0.06323   0.01828   0.01378
   284/399     20.1G   0.02643  0.007657  0.006227   0.04031        50       416    0.9681    0.9544    0.9856     0.756   0.06345   0.01829   0.01385
   285/399     20.1G   0.02852  0.008028   0.00456   0.04111        42       416    0.9809    0.9448    0.9841     0.744    0.0637   0.01868   0.01372
   286/399     20.1G   0.02767  0.008161  0.004784   0.04061        52       416     0.959    0.9558    0.9823    0.7497   0.06391     0.019   0.01354
   287/399     20.1G   0.02871  0.008493  0.005004    0.0422        63       416    0.9687    0.9477    0.9808    0.7345   0.06425   0.01925   0.01295
   288/399     20.1G   0.03394  0.008184   0.00343   0.04555        44       416    0.9653    0.9476     0.978    0.7379   0.06495   0.01892    0.0126
   289/399     20.1G   0.02728  0.007985  0.003729   0.03899        43       416    0.9869    0.9369    0.9829     0.744   0.06469   0.01872   0.01308
   290/399     20.1G   0.03082  0.008611  0.002876   0.04231        48       416    0.9668    0.9534    0.9821    0.7453   0.06389   0.01864   0.01378
   291/399     20.1G   0.02783    0.0081  0.002526   0.03845        37       416    0.9654    0.9564    0.9829    0.7462   0.06386   0.01857   0.01406
   292/399     20.1G   0.02634  0.008083  0.004219   0.03864        51       416    0.9682    0.9629     0.985    0.7588   0.06345   0.01847   0.01403
   293/399     20.1G    0.0275  0.007918  0.002091   0.03751        65       416    0.9919     0.929    0.9874    0.7627    0.0628    0.0186   0.01386
   294/399     20.1G   0.02524  0.007666  0.003239   0.03614        60       416    0.9923    0.9288    0.9874     0.756    0.0629   0.01877    0.0136
   295/399     20.1G   0.02605  0.007672  0.002766   0.03649        34       416    0.9782    0.9444    0.9868    0.7536   0.06304   0.01903   0.01383
   296/399     20.1G   0.02953  0.007815  0.001984   0.03933        53       416    0.9759    0.9469    0.9865    0.7561   0.06288   0.01881   0.01366
   297/399     20.1G   0.02758  0.007432  0.002179   0.03719        53       416    0.9835    0.9099    0.9813    0.7545   0.06301   0.01871   0.01364
   298/399     20.1G   0.02979  0.008066  0.003885   0.04174        52       416    0.9662    0.9187    0.9702    0.7383   0.06342   0.01887   0.01394
   299/399     20.1G   0.03014   0.00793  0.004051   0.04212        34       416    0.9864    0.8829    0.9667    0.7384   0.06355   0.01883   0.01404
   300/399     20.1G   0.02759  0.008128  0.001659   0.03737        60       416    0.9526    0.9129    0.9687    0.7385   0.06379   0.01911   0.01374
   301/399     20.1G   0.02852  0.007512  0.002765   0.03879        41       416     0.957     0.925     0.975    0.7251   0.06406   0.01934   0.01337
   302/399     20.1G   0.02628  0.007644  0.002302   0.03622        29       416    0.9583    0.9201     0.981    0.7408   0.06387    0.0191   0.01339
   303/399     20.1G   0.02629  0.007909  0.004286   0.03849        44       416    0.9582    0.9547    0.9845    0.7537   0.06349   0.01885   0.01364
   304/399     20.1G   0.02292  0.007853  0.002026    0.0328        49       416    0.9667    0.9467    0.9846    0.7566    0.0636   0.01875   0.01358
   305/399     20.1G   0.02788  0.008033   0.00235   0.03827        42       416    0.9782    0.9397    0.9844    0.7558   0.06298    0.0186   0.01347
   306/399     20.1G   0.02978  0.007786  0.003948   0.04152        49       416    0.9705    0.9504    0.9845    0.7659   0.06284   0.01861   0.01324
   307/399     20.1G   0.02661  0.008619  0.003525   0.03876        74       416    0.9675    0.9423    0.9848    0.7702   0.06279   0.01857    0.0134
   308/399     20.1G   0.02891  0.007547  0.003763   0.04022        30       416     0.955    0.9588    0.9837    0.7749   0.06281   0.01884   0.01351
   309/399     20.1G   0.02703  0.008395  0.003934   0.03936        51       416    0.9821     0.935    0.9848    0.7676   0.06325   0.01901   0.01341
   310/399     20.1G   0.02242  0.007528  0.003724   0.03367        36       416     0.986    0.9325    0.9871    0.7698   0.06299   0.01894   0.01319
   311/399     20.1G   0.02603  0.007426   0.00269   0.03614        31       416    0.9829    0.9405    0.9885    0.7744    0.0626   0.01863   0.01315
   312/399     20.1G   0.03065   0.00767    0.0022   0.04052        40       416    0.9754    0.9577    0.9885     0.779   0.06199   0.01853   0.01348
   313/399     20.1G   0.02714  0.007349   0.00616   0.04065        50       416    0.9746    0.9559    0.9873    0.7617   0.06231   0.01862   0.01337
   314/399     20.1G   0.02461  0.007386  0.003993   0.03599        39       416    0.9815    0.9477    0.9864     0.762   0.06271   0.01854     0.013
   315/399     20.1G   0.03165  0.008686  0.004081   0.04442        60       416     0.983    0.9399    0.9857    0.7594   0.06286   0.01829   0.01276
   316/399     20.1G   0.02595  0.007753  0.002905   0.03661        53       416    0.9845    0.9333    0.9846    0.7727   0.06246   0.01838    0.0123
   317/399     20.1G   0.02617  0.007732  0.002954   0.03685        24       416    0.9785    0.9344    0.9842    0.7627   0.06251   0.01871   0.01222
   318/399     20.1G   0.02585  0.007805  0.003384   0.03704        55       416     0.992    0.9201    0.9847    0.7669   0.06273   0.01893   0.01248
   319/399     20.1G    0.0271   0.00757  0.005856   0.04052        43       416    0.9765    0.9289    0.9831    0.7643   0.06246   0.01879   0.01288
   320/399     20.1G   0.02622  0.007719  0.004986   0.03893        48       416    0.9914    0.9254    0.9838     0.764   0.06279   0.01882   0.01312
   321/399     20.1G   0.02519  0.007652  0.003623   0.03646        34       416    0.9927    0.9247    0.9843     0.762   0.06311   0.01888   0.01282
   322/399     20.1G    0.0263  0.007737  0.006486   0.04052        37       416    0.9928    0.9214    0.9826    0.7639    0.0632   0.01896   0.01241
   323/399     20.1G   0.02397   0.00792  0.003175   0.03507        30       416    0.9779    0.9304    0.9841    0.7566   0.06295   0.01927   0.01238
   324/399     20.1G   0.02599  0.007686  0.005024    0.0387        44       416    0.9799    0.9334    0.9838    0.7664   0.06233   0.01917    0.0128
   325/399     20.1G   0.02997  0.008041  0.007526   0.04554        38       416    0.9776    0.9494    0.9855    0.7747   0.06221   0.01916   0.01335
   326/399     20.1G   0.02974  0.007226  0.002446   0.03941        53       416    0.9722    0.9505    0.9849    0.7642   0.06201     0.019   0.01351
   327/399     20.1G   0.03165  0.008091  0.005845   0.04559        58       416    0.9795    0.9489    0.9839    0.7678   0.06229    0.0188   0.01358
   328/399     20.1G   0.02708  0.007788  0.002615   0.03748        49       416     0.987    0.9395    0.9844    0.7601   0.06216   0.01861    0.0136
   329/399     20.1G   0.02798  0.008128  0.005975   0.04208        60       416    0.9837    0.9392     0.986     0.769   0.06232   0.01855   0.01366
   330/399     20.1G    0.0263  0.007474  0.002641   0.03642        45       416    0.9741    0.9449    0.9868    0.7694     0.062   0.01863   0.01343
   331/399     20.1G   0.02559  0.008252  0.003276   0.03712        42       416    0.9795    0.9402    0.9872    0.7702   0.06184   0.01884   0.01301
   332/399     20.1G   0.03006  0.007746  0.004546   0.04235        65       416    0.9821    0.9336    0.9854    0.7592   0.06188   0.01894   0.01292
   333/399     20.1G   0.02585  0.007662  0.002256   0.03577        34       416    0.9796     0.936    0.9855    0.7624   0.06212   0.01894    0.0127
   334/399     20.1G    0.0274  0.007732  0.002802   0.03793        38       416    0.9866    0.9346    0.9851    0.7662   0.06221     0.019   0.01271
   335/399     20.1G   0.02908  0.008217  0.005102    0.0424        67       416    0.9871    0.9348    0.9836    0.7665   0.06241   0.01884   0.01295
   336/399     20.1G   0.02683  0.007682  0.004779   0.03929        44       416    0.9904    0.9272    0.9838     0.766   0.06237   0.01873   0.01268
   337/399     20.1G   0.02622  0.008377  0.003541   0.03814        35       416    0.9804    0.9361    0.9836    0.7705   0.06243   0.01864   0.01205
   338/399     20.1G   0.02561  0.007589  0.002911   0.03611        37       416    0.9874    0.9234    0.9844    0.7763   0.06246   0.01863    0.0116
   339/399     20.1G   0.02737  0.007468  0.001728   0.03656        64       416    0.9865    0.9269    0.9849    0.7684   0.06224   0.01879   0.01149
   340/399     20.1G   0.02667  0.008117  0.002434   0.03722        35       416    0.9863    0.9322    0.9861     0.778   0.06219    0.0188   0.01173
   341/399     20.1G   0.02673  0.007159  0.003419   0.03731        38       416    0.9454    0.9719    0.9865    0.7708   0.06212   0.01874   0.01175
   342/399     20.1G   0.02901  0.007842  0.004078   0.04093        67       416    0.9844    0.9302    0.9848    0.7679   0.06188   0.01881   0.01172
   343/399     20.1G   0.02587  0.008081  0.001976   0.03592        50       416    0.9809    0.9392    0.9854    0.7643   0.06199   0.01884   0.01176
   344/399     20.1G   0.02758    0.0075  0.003019    0.0381        31       416    0.9812     0.939    0.9862    0.7741     0.062   0.01877   0.01192
   345/399     20.1G      0.03   0.00779  0.004244   0.04204        82       416    0.9895    0.9286    0.9863    0.7726   0.06185   0.01878   0.01236
   346/399     20.1G   0.02609  0.007719  0.004122   0.03793        49       416    0.9664    0.9516    0.9861    0.7768   0.06157   0.01889   0.01277
   347/399     20.1G   0.02284  0.006978  0.003617   0.03344        38       416    0.9861    0.9299    0.9837    0.7733   0.06148   0.01914   0.01314
   348/399     20.1G   0.02612  0.007645  0.001616   0.03538        57       416    0.9775    0.9401    0.9855    0.7684   0.06153   0.01901   0.01345
   349/399     20.1G   0.02467   0.00781  0.001924    0.0344        55       416    0.9749    0.9401    0.9861    0.7761   0.06144   0.01883    0.0135
   350/399     20.1G   0.02579  0.008158  0.004755    0.0387        54       416    0.9743    0.9466    0.9861    0.7728   0.06125   0.01861   0.01326
   351/399     20.1G   0.02678  0.007646   0.00232   0.03675        38       416    0.9705    0.9478    0.9869    0.7787    0.0619   0.01867   0.01301
   352/399     20.1G   0.02558   0.00751   0.00357   0.03666        65       416    0.9669    0.9547    0.9878    0.7658    0.0621   0.01887   0.01255
   353/399     20.1G   0.02853  0.007921  0.004175   0.04062        72       416    0.9733     0.953    0.9863    0.7777   0.06216   0.01884   0.01226
   354/399     20.1G   0.02736  0.007776  0.002611   0.03774        54       416    0.9735    0.9519    0.9853    0.7735   0.06212   0.01881   0.01223
   355/399     20.1G   0.02807   0.00741  0.002076   0.03755        44       416    0.9726     0.951    0.9856    0.7631   0.06211   0.01892   0.01239
   356/399     20.1G   0.02687  0.007929  0.002365   0.03716        41       416     0.961    0.9532    0.9843    0.7662   0.06222    0.0189    0.0131
   357/399     20.1G   0.02833  0.007791  0.002649   0.03877        51       416     0.965     0.947    0.9847    0.7754   0.06215    0.0189   0.01372
   358/399     20.1G   0.02297  0.007264  0.002416   0.03265        40       416    0.9705    0.9446    0.9852    0.7697   0.06195   0.01895   0.01381
   359/399     20.1G   0.02837  0.007156  0.003068    0.0386        44       416    0.9657    0.9534    0.9874    0.7763   0.06203   0.01908   0.01373
   360/399     20.1G   0.02811  0.007965  0.006541   0.04262        64       416    0.9838    0.9456    0.9876    0.7755   0.06197     0.019   0.01306
   361/399     20.1G   0.02869  0.007557  0.002844   0.03909        50       416    0.9604      0.97    0.9878    0.7861   0.06186   0.01874   0.01242
   362/399     20.1G   0.02896  0.007156  0.004915   0.04103        27       416    0.9789    0.9491    0.9884    0.7776   0.06222   0.01869   0.01198
   363/399     20.1G   0.02506  0.007185  0.002991   0.03523        37       416    0.9821    0.9468    0.9891    0.7742   0.06259   0.01874   0.01152
   364/399     20.1G   0.02365  0.007745  0.003223   0.03461        38       416    0.9833    0.9453    0.9893    0.7768   0.06264   0.01874   0.01139
   365/399     20.1G   0.02521  0.007466  0.005515    0.0382        41       416    0.9802    0.9431    0.9871    0.7752   0.06264   0.01883    0.0113
   366/399     20.1G   0.02738  0.007212  0.002756   0.03735        34       416    0.9819    0.9411     0.986    0.7734   0.06212   0.01885   0.01135
   367/399     20.1G   0.02699  0.007974  0.004209   0.03917        38       416    0.9769    0.9422    0.9858    0.7783   0.06203   0.01881   0.01142
   368/399     20.1G   0.02788   0.00773  0.003713   0.03932        62       416    0.9825    0.9416    0.9843    0.7728   0.06192   0.01878   0.01157
   369/399     20.1G   0.02309  0.007102  0.001829   0.03202        35       416    0.9853    0.9413    0.9793      0.77    0.0618    0.0188   0.01167
   370/399     20.1G    0.0271    0.0077   0.00213   0.03693        63       416    0.9827    0.9372    0.9782    0.7724   0.06189   0.01878   0.01174
   371/399     20.1G   0.02707  0.007496  0.004233    0.0388        29       416    0.9866    0.9368     0.978    0.7685   0.06175   0.01853   0.01186
   372/399     20.1G   0.02882  0.007454  0.006525    0.0428        42       416    0.9797    0.9407    0.9801    0.7732   0.06183   0.01853   0.01193
   373/399     20.1G   0.02891  0.007791  0.004078   0.04078        48       416    0.9753    0.9462    0.9834     0.773   0.06186   0.01858   0.01201
   374/399     20.1G   0.02759  0.007799  0.002891   0.03828        37       416      0.97    0.9584    0.9859    0.7845   0.06205   0.01864   0.01217
   375/399     20.1G   0.02459  0.007501   0.00373   0.03582        36       416    0.9734    0.9594     0.986    0.7769   0.06207   0.01881   0.01224
   376/399     20.1G   0.02519  0.007651  0.003271   0.03611        48       416    0.9712    0.9515    0.9832    0.7726   0.06237   0.01905    0.0121
   377/399     20.1G   0.02511  0.007651  0.003252   0.03601        44       416    0.9754    0.9419    0.9843    0.7705    0.0627   0.01913   0.01224
   378/399     20.1G   0.02841  0.007773  0.004175   0.04036        61       416    0.9697    0.9455    0.9828    0.7675   0.06281   0.01926   0.01237
   379/399     20.1G   0.02495  0.007907  0.003301   0.03616        52       416    0.9677    0.9459    0.9822    0.7615   0.06276    0.0193   0.01247
   380/399     20.1G   0.02208  0.007656  0.002288   0.03203        54       416    0.9598    0.9539    0.9802    0.7609   0.06228   0.01928   0.01248
   381/399     20.1G   0.02879  0.007847  0.006906   0.04354        48       416    0.9623    0.9508    0.9811    0.7659   0.06211   0.01913   0.01275
   382/399     20.1G   0.02643  0.007537  0.005839   0.03981        34       416    0.9809    0.9339    0.9833    0.7738   0.06168   0.01914   0.01276
   383/399     20.1G   0.02634  0.007162  0.003233   0.03674        51       416    0.9635    0.9561    0.9847    0.7759   0.06165   0.01916   0.01265
   384/399     20.1G   0.02192  0.006911  0.002637   0.03147        40       416    0.9601    0.9584    0.9846    0.7764   0.06169   0.01927    0.0124
   385/399     20.1G   0.02692  0.007194  0.005314   0.03943        52       416    0.9616    0.9571    0.9848    0.7779   0.06169   0.01917   0.01233
   386/399     20.1G   0.02802  0.008333  0.003269   0.03962        58       416    0.9803      0.94    0.9854    0.7782   0.06191   0.01917   0.01226
   387/399     20.1G    0.0264   0.00709  0.002061   0.03556        43       416    0.9713    0.9525    0.9847    0.7817   0.06165   0.01919   0.01205
   388/399     20.1G   0.02332  0.007484   0.00464   0.03544        33       416    0.9673    0.9584    0.9857    0.7792   0.06162    0.0191   0.01178
   389/399     20.1G   0.02538  0.007422  0.003675   0.03647        52       416    0.9748    0.9462    0.9854     0.775   0.06169   0.01929   0.01134
   390/399     20.1G   0.02332  0.007102  0.004555   0.03498        24       416     0.979    0.9411    0.9851    0.7697   0.06177   0.01924   0.01105
   391/399     20.1G   0.02716  0.007597  0.007052   0.04181        69       416    0.9861    0.9378     0.987    0.7729   0.06168    0.0192   0.01094
   392/399     20.1G   0.02752  0.008002   0.00398    0.0395        43       416    0.9735    0.9558    0.9874    0.7701   0.06137   0.01908   0.01116
   393/399     20.1G   0.02564  0.007548  0.004556   0.03775        74       416     0.971     0.958    0.9874    0.7788    0.0613    0.0192   0.01136
   394/399     20.1G   0.02536  0.007818  0.003125    0.0363        47       416    0.9666    0.9575    0.9874    0.7855   0.06137   0.01925   0.01159
   395/399     20.1G    0.0278  0.007992  0.002645   0.03844        65       416     0.969    0.9553    0.9866    0.7815   0.06133   0.01929   0.01162
   396/399     20.1G   0.02564  0.007539  0.002778   0.03596        51       416     0.973    0.9432    0.9864    0.7816   0.06129   0.01925    0.0116
   397/399     20.1G   0.02795  0.007733  0.003697   0.03938        50       416    0.9727    0.9396    0.9866    0.7776   0.06143   0.01924   0.01148
   398/399     20.1G   0.02696   0.00764  0.007563   0.04216        47       416    0.9694    0.9435    0.9869    0.7801   0.06189   0.01926   0.01138
   399/399     20.1G   0.02918  0.006995  0.003705   0.03988        37       416    0.9863    0.9317    0.9866    0.7758   0.06198   0.01917   0.01115
