3 0.937285 0.723701 0.205459 0.385528
3 0.902286 0.383728 0.206614 0.351953
3 0.923655 0.101857 0.119981 0.394335
3 0.757677 0.184695 0.287969 0.443722
3 0.687064 0.542104 0.313666 0.388116
3 0.499834 0.270752 0.316367 0.460260
3 0.274885 0.237423 0.257099 0.373459
3 0.069669 0.332372 0.222828 0.494806
3 0.703654 0.826053 0.273056 0.317113
3 0.479134 0.758247 0.270053 0.416008
3 0.286495 0.565973 0.250704 0.373954
3 0.301905 0.890382 0.312958 0.368140
3 0.118059 0.698405 0.234781 0.408074
3 0.106241 0.991525 0.136897 0.215433
