2 0.831661 0.698152 0.122631 0.217659
2 0.860647 0.566735 0.144928 0.151951
2 0.881828 0.501027 0.107023 0.110883
2 0.882386 0.443532 0.170569 0.180698
2 0.891304 0.364476 0.110368 0.141684
2 0.907469 0.292608 0.091416 0.104723
2 0.556299 0.523614 0.142698 0.246407
2 0.449833 0.471253 0.139353 0.223819
2 0.340580 0.428131 0.130435 0.223819
2 0.439242 0.251540 0.113712 0.133470
2 0.514493 0.249487 0.068004 0.170431
2 0.581940 0.289528 0.073579 0.160164
2 0.645485 0.328542 0.089186 0.168378
2 0.705128 0.282341 0.083612 0.158111
2 0.647715 0.224846 0.057971 0.075975
2 0.591973 0.200205 0.071349 0.112936
2 0.530100 0.158111 0.070234 0.073922
3 0.138796 0.303901 0.154961 0.127310
3 0.192865 0.256674 0.156076 0.205339
3 0.245819 0.214579 0.119287 0.162218
3 0.329989 0.174538 0.131550 0.139630
