2 0.189086 0.500275 0.124285 0.186767
2 0.243238 0.612727 0.102410 0.170201
2 0.303572 0.517574 0.105950 0.142908
2 0.256654 0.416109 0.113242 0.148430
2 0.327839 0.337435 0.080573 0.164564
2 0.372920 0.444350 0.105969 0.148372
2 0.447818 0.343848 0.102352 0.153808
2 0.395407 0.253268 0.120515 0.148487
2 0.504956 0.122985 0.135175 0.181389
2 0.550018 0.235364 0.146179 0.208797
2 0.643145 0.121344 0.083979 0.099020
2 0.607002 0.058216 0.062142 0.093383
2 0.703297 0.078103 0.095003 0.131893
4 0.488116 0.778598 0.062295 0.137099
4 0.474911 0.915108 0.044076 0.126026
4 0.539235 0.718892 0.047712 0.126055
4 0.535168 0.841813 0.062200 0.109777
4 0.588210 0.752067 0.065970 0.148056
4 0.597808 0.607332 0.069511 0.120763
4 0.648381 0.703361 0.062334 0.148027
4 0.650697 0.561301 0.058659 0.137070
4 0.706792 0.638248 0.062295 0.137099
4 0.700016 0.496116 0.062334 0.148027
4 0.762034 0.439228 0.076821 0.131749
4 0.761623 0.556713 0.062295 0.137099
4 0.823661 0.494361 0.062353 0.153492
4 0.822320 0.357736 0.058640 0.131606
4 0.882262 0.374604 0.062697 0.251851
