2 0.843339 0.597961 0.143343 0.251405
2 0.860819 0.461027 0.157291 0.194528
2 0.874767 0.392532 0.118939 0.139257
2 0.869031 0.335546 0.186596 0.225068
2 0.871129 0.252859 0.122381 0.173449
2 0.879152 0.177269 0.101485 0.128717
2 0.556028 0.504455 0.165895 0.280008
2 0.446201 0.483180 0.156848 0.255277
2 0.333858 0.471421 0.150669 0.259040
2 0.412587 0.270018 0.125184 0.168718
2 0.488266 0.245385 0.084160 0.184625
2 0.558119 0.266396 0.086389 0.174196
2 0.624595 0.288376 0.104418 0.190434
2 0.679091 0.225843 0.099894 0.178069
2 0.615958 0.185315 0.064854 0.090542
2 0.559357 0.175162 0.082374 0.134305
2 0.494282 0.149849 0.078359 0.094415
3 0.122325 0.406022 0.167928 0.169907
3 0.171757 0.344942 0.175959 0.249689
3 0.220074 0.290044 0.134231 0.193449
3 0.298777 0.226433 0.142065 0.173559
