2 0.811037 0.505133 0.123746 0.184805
2 0.759197 0.618070 0.102564 0.172485
2 0.697882 0.520534 0.104794 0.141684
2 0.744147 0.420945 0.112598 0.151951
2 0.675585 0.340862 0.080268 0.160164
2 0.628205 0.447639 0.103679 0.147844
2 0.554627 0.345996 0.103679 0.154004
2 0.607581 0.257700 0.118172 0.145791
2 0.498328 0.126283 0.133779 0.182752
2 0.452062 0.236140 0.143813 0.209446
2 0.360647 0.121150 0.081382 0.098563
2 0.396878 0.061602 0.062430 0.094456
2 0.298774 0.079055 0.093645 0.129363
4 0.513378 0.782341 0.063545 0.139630
4 0.525084 0.918891 0.044593 0.129363
4 0.461538 0.721766 0.046823 0.121150
4 0.466555 0.844969 0.061315 0.112936
4 0.413043 0.755647 0.063545 0.147844
4 0.404125 0.609856 0.070234 0.119097
4 0.352285 0.703285 0.060201 0.145791
4 0.350056 0.563655 0.057971 0.133470
4 0.294314 0.638604 0.064660 0.139630
4 0.301003 0.498973 0.060201 0.147844
4 0.240245 0.437372 0.074693 0.131417
4 0.239130 0.558522 0.063545 0.135524
4 0.178372 0.492813 0.064660 0.151951
4 0.179487 0.358316 0.057971 0.133470
4 0.118729 0.372690 0.061315 0.252567
