     0/399     11.7G   0.06862   0.01626   0.03337    0.1183        35       416  0.001918     0.119 0.0009833 9.973e-05    0.1084   0.01536   0.03345
     1/399     12.3G   0.06743   0.01686   0.03395    0.1182        27       416  0.001391    0.1667 0.0008106 0.0001262    0.1027   0.01572   0.03318
     2/399     12.3G   0.06618   0.01641     0.033    0.1156        17       416  0.003501    0.2381   0.00161  0.000282   0.09931   0.01604   0.03285
     3/399     12.3G   0.06595   0.01626    0.0318     0.114        21       416 0.0009276    0.2222 0.0006739 0.0001316   0.09712    0.0164   0.03252
     4/399     12.3G   0.06341    0.0174    0.0319    0.1127        28       416  0.001388    0.2222  0.001911 0.0003539   0.09457   0.01673   0.03218
     5/399     12.3G   0.06367   0.01713   0.03198    0.1128        22       416  0.001701    0.2037  0.001414 0.0002376   0.09137   0.01699   0.03184
     6/399     12.3G   0.06346   0.01692   0.03144    0.1118        23       416    0.0017    0.2037   0.00129 0.0002728   0.09252   0.01674    0.0316
     7/399     12.3G   0.06238   0.01804   0.03099    0.1114        21       416  0.002009    0.2407  0.001626 0.0002533    0.0926   0.01671   0.03138
     8/399     12.3G   0.06262   0.01849   0.03085     0.112        28       416  0.001082    0.2593  0.001039 0.0002127   0.09295   0.01667   0.03113
     9/399     12.3G   0.06249   0.01717   0.03016    0.1098        34       416  0.001082    0.2593  0.001259 0.0002189   0.09333   0.01659   0.03084
    10/399     12.3G   0.06235   0.01741   0.03014    0.1099        21       416  0.001085    0.2593  0.001433 0.0002521    0.0918   0.01664   0.03059
    11/399     12.3G   0.06141   0.01793   0.02946    0.1088        24       416   0.00151    0.2037  0.001924 0.0003699   0.09083   0.01664   0.03039
    12/399     12.3G   0.06194   0.01813   0.02948    0.1095        24       416  0.001574    0.2593  0.002847 0.0005759   0.09352   0.01657    0.0302
    13/399     12.3G   0.05834   0.01682   0.02787     0.103        16       416   0.00101    0.2407  0.001487 0.0003239   0.09366   0.01668      0.03
    14/399     12.3G   0.06191   0.01637   0.02954    0.1078        28       416  0.001441    0.2037  0.002107 0.0003301   0.09296   0.01657   0.02986
    15/399     12.3G   0.06205   0.01684   0.02903    0.1079        17       416  0.001372    0.2037  0.001832 0.0003423   0.09215   0.01659   0.02974
    16/399     12.3G   0.06173   0.01865   0.02904    0.1094        37       416  0.001005    0.2407  0.001714 0.0003171   0.09256   0.01649   0.02962
    17/399     12.3G   0.06052   0.01743   0.02781    0.1058        32       416  0.001082    0.2593  0.002151 0.0002941   0.09325   0.01637   0.02953
    18/399     12.3G   0.06129   0.01818   0.02866    0.1081        24       416  0.001504    0.2407  0.001457 0.0002928   0.09503   0.01632   0.02942
    19/399     12.3G   0.06095   0.01789    0.0272     0.106        38       416  0.001248    0.2593  0.001731 0.0003524   0.09516   0.01628   0.02932
    20/399     12.3G   0.06145   0.01736   0.02714    0.1059        37       416  0.001093    0.2593  0.001738 0.0002965   0.09512   0.01623   0.02927
    21/399     12.3G   0.06127   0.01974   0.02665    0.1077        31       416  0.001567    0.2037  0.002254 0.0003209   0.09476    0.0162   0.02919
    22/399     12.3G   0.06004   0.01721   0.02654    0.1038        24       416  0.001814    0.2037  0.001799 0.0004736   0.09328   0.01642   0.02913
    23/399     12.3G   0.06045   0.02025   0.02681    0.1075        72       416  0.001623    0.2037   0.00185 0.0004787    0.0937   0.01631   0.02912
    24/399     12.3G   0.05672    0.0174   0.02516   0.09928        27       416  0.002094    0.2037  0.001973 0.0003856   0.09083   0.01668   0.02909
    25/399     12.3G   0.05645   0.01836   0.02582    0.1006        38       416  0.002166    0.2037  0.001862 0.0004232   0.09137   0.01677   0.02907
    26/399     12.3G   0.06006   0.01828   0.02653    0.1049        35       416  0.001511    0.2037  0.001665 0.0003262   0.09284   0.01667   0.02901
    27/399     12.3G   0.05892   0.01778   0.02668    0.1034        21       416  0.001284    0.2037  0.001565 0.0003164   0.09292   0.01678   0.02892
    28/399     12.3G   0.05817   0.01925   0.02561     0.103        36       416  0.001634    0.2037   0.00215  0.000426   0.09014     0.017   0.02887
    29/399     12.3G   0.05822   0.01976   0.02658    0.1046        26       416  0.002642    0.2037  0.002339 0.0005067   0.09025     0.017   0.02882
    30/399     12.3G   0.05796   0.01828   0.02702    0.1033        23       416   0.00262    0.2037  0.002561 0.0003867   0.09161   0.01694   0.02873
    31/399     12.3G   0.05816   0.01956   0.02553    0.1033        35       416   0.00245    0.1852  0.003219 0.0004054    0.0917    0.0169   0.02869
    32/399     12.3G   0.05764   0.01887   0.02605    0.1026        31       416    0.6694    0.2037  0.006173 0.0007872   0.09259   0.01703    0.0287
    33/399     12.3G   0.05752   0.01921   0.02507    0.1018        26       416  0.006504   0.03704  0.002814 0.0004733   0.09486   0.01842   0.03482
    34/399     12.3G   0.05922   0.01952    0.0253     0.104        28       416   0.02605     0.281  0.009242   0.00231   0.09497   0.01602   0.03113
    35/399     12.3G   0.05436   0.01676    0.0251   0.09622        10       416  0.004186   0.09368  0.001535 0.0002407   0.09872   0.01638    0.0438
    36/399     12.3G   0.05666   0.01902    0.0257    0.1014        27       416  0.003008   0.09259  0.003991 0.0006375   0.09175   0.01701   0.02865
    37/399     12.3G   0.05605    0.0193   0.02469       0.1        33       416  0.002514    0.1667  0.002911  0.000536   0.09049   0.01711   0.02861
    38/399     12.3G   0.05887   0.01989   0.02477    0.1035        31       416  0.002587    0.1852  0.003051 0.0004914   0.09123   0.01706   0.02858
    39/399     12.3G   0.05369   0.01778   0.02414   0.09561        13       416  0.002614    0.1852  0.002881 0.0005372   0.09167   0.01694   0.02861
    40/399     12.3G   0.05407   0.01888    0.0262   0.09915        21       416    0.3451   0.01852  0.002288 0.0003775   0.08942   0.01714   0.02866
    41/399     12.3G   0.05528   0.02009   0.02523    0.1006        29       416  0.005779   0.01852  0.002644 0.0004512   0.09011   0.01713   0.02867
    42/399     12.3G    0.0562   0.01915   0.02563     0.101        27       416  0.003532   0.01852  0.002246 0.0003352   0.08859   0.01715   0.02869
    43/399     12.3G   0.05588   0.01793   0.02486   0.09867        22       416    0.3371   0.01852  0.002123 0.0003475   0.08999   0.01712   0.02874
    44/399     12.3G   0.05587   0.01917   0.02662    0.1017        38       416  0.003459   0.01852  0.002204 0.0003641   0.09028   0.01717   0.02876
    45/399     12.3G   0.05485   0.01801   0.02563   0.09848        24       416    0.3359    0.1852  0.001662  0.000311   0.08974   0.01717   0.02878
    46/399     12.3G    0.0546   0.01968   0.02445   0.09873        27       416  0.002482    0.1852  0.001748 0.0002741   0.09055   0.01697   0.02878
    47/399     12.3G   0.05571   0.02136   0.02425    0.1013        50       416    0.3359    0.1852  0.002288  0.000325   0.09181   0.01699   0.02877
    48/399     12.3G   0.05559   0.01976   0.02486    0.1002        21       416  0.002981    0.2037  0.002168 0.0003596   0.08998   0.01691   0.02867
    49/399     12.3G    0.0547   0.02063   0.02488    0.1002        49       416  0.002381    0.1111  0.001839 0.0003199   0.09036   0.01688   0.02864
    50/399     12.3G   0.05531   0.01999   0.02417   0.09947        27       416   0.00256    0.1852  0.001665 0.0002703   0.09048   0.01705   0.02867
    51/399     12.3G   0.05554   0.01734   0.02641   0.09929        15       416   0.00267    0.2037  0.001779 0.0002559   0.08895   0.01705   0.02868
    52/399     12.3G   0.05294   0.02018   0.02496   0.09808        21       416  0.002705    0.2037  0.001884 0.0002684   0.08883    0.0172   0.02872
    53/399     12.3G   0.05366   0.01932   0.02615   0.09913        30       416  0.002682    0.2037  0.001861  0.000267   0.08745    0.0172   0.02872
    54/399     12.3G   0.05456   0.01873   0.02527   0.09856        21       416   0.00215    0.1667  0.001266 0.0001749   0.08698   0.01716   0.02866
    55/399     12.3G   0.05169   0.02042   0.02386   0.09598        25       416  0.002757    0.2037  0.001862 0.0002423   0.08759   0.01725   0.02864
    56/399     12.3G   0.04942   0.02033   0.02431   0.09407        11       416    0.6692    0.1852  0.001681 0.0002644     0.088   0.01726   0.02862
    57/399     12.3G   0.05242   0.01942   0.02408   0.09591        17       416    0.6695    0.1852  0.001632  0.000239   0.08986   0.01704   0.02857
    58/399     12.3G   0.05307   0.01979   0.02535   0.09821        24       416    0.6693    0.1852  0.001543 0.0002776   0.08477   0.01726   0.02856
    59/399     12.3G   0.05265   0.02177    0.0242   0.09861        39       416  0.002491    0.1852  0.001552 0.0002333   0.08542    0.0173   0.02845
    60/399     12.3G   0.05333   0.02136   0.02456   0.09924        26       416  0.002702    0.2037  0.001752 0.0002345   0.08553   0.01764   0.02836
    61/399     12.3G   0.05341   0.02071   0.02512   0.09924        21       416  0.002595    0.1667   0.00218 0.0002912   0.08696   0.01773   0.02833
    62/399     12.3G   0.05412   0.01915   0.02444   0.09771        15       416  0.002723    0.1852  0.002475  0.000355   0.08416   0.01786   0.02821
    63/399     12.3G   0.04992   0.01996   0.02104   0.09092        23       416    0.3363    0.1667  0.002019   0.00025   0.08412    0.0177    0.0281
    64/399     12.3G   0.05278   0.01962   0.02309   0.09549        39       416    0.6707    0.1111  0.002214 0.0003008    0.0856   0.01787   0.02774
    65/399     12.3G    0.0527   0.02113   0.02347    0.0973        29       416  0.006177   0.07407  0.004052   0.00103    0.0862   0.01729   0.03058
    66/399     12.3G   0.05339   0.01983   0.02277     0.096        29       416    0.6734   0.09259  0.004607 0.0008594   0.08398   0.01782   0.02681
    67/399     12.3G   0.04967   0.01858   0.02153   0.08978        16       416  0.008165    0.2167  0.001631 0.0002477   0.08353   0.01796   0.02749
    68/399     12.3G   0.05225   0.02072   0.02281   0.09578        44       416    0.3813    0.3529    0.0231  0.004865   0.07928   0.01841   0.02654
    69/399     12.3G   0.05202   0.01924   0.02151   0.09278        21       416   0.08946    0.5063   0.03797  0.008783    0.0777   0.01829    0.0264
    70/399     12.3G   0.05063   0.01856   0.02067   0.08987        21       416   0.04411    0.3615   0.02286  0.003801    0.0859   0.01757   0.02798
    71/399     12.3G   0.05439    0.0181   0.02452   0.09701        14       416    0.5338    0.1492   0.04689   0.01054   0.08823   0.01764   0.02814
    72/399     12.3G   0.05341   0.01799   0.02135   0.09275        20       416    0.3834    0.2251   0.03791   0.00824   0.08754    0.0174   0.02738
    73/399     12.3G   0.05171   0.01672   0.02034   0.08877        16       416    0.3894    0.1678   0.04245  0.008279   0.08594   0.01688    0.0268
    74/399     12.3G   0.05532   0.01728   0.02127   0.09388        26       416   0.03063    0.4294   0.03338  0.006414   0.08507   0.01708   0.02699
    75/399     12.3G   0.05383   0.01899   0.01902   0.09183        48       416   0.04025    0.2698   0.02847   0.00538   0.08252   0.01734    0.0281
    76/399     12.3G   0.05431    0.0197   0.02113   0.09515        45       416     0.753   0.07407   0.06699   0.01583   0.08336   0.01727   0.02722
    77/399     12.3G   0.05368   0.01727   0.01868   0.08963        31       416    0.7397    0.1481   0.06728    0.0135   0.08541   0.01757   0.02869
    78/399     12.3G   0.05385   0.01754   0.02065   0.09204        26       416   0.03846    0.3263    0.0223  0.004489    0.1015   0.01849   0.04495
    79/399     12.3G   0.05122   0.01799   0.01855   0.08776        22       416   0.02263    0.3031   0.01072  0.002069    0.1111    0.7988     0.161
    80/399     12.3G   0.05127   0.01774   0.01779    0.0868        24       416   0.03228    0.3196   0.01634  0.002403       0.1    0.2073   0.07599
    81/399     12.3G    0.0546   0.01671   0.01764   0.08896        26       416   0.06115     0.358   0.04104   0.00739   0.09402   0.01663   0.02281
    82/399     12.3G   0.05116   0.01644   0.02001   0.08762        25       416   0.06443    0.4704   0.07091   0.01544   0.09279   0.01628   0.02558
    83/399     12.3G   0.05393   0.01771   0.02098   0.09262        36       416    0.1125     0.356   0.09262   0.02038   0.09045   0.01583   0.03791
    84/399     12.3G   0.05208   0.01609   0.02021   0.08838        17       416   0.04858    0.4812   0.03113  0.006572   0.09081   0.01695   0.02734
    85/399     12.3G   0.05109   0.01722   0.01925   0.08757        27       416    0.3907   0.09241   0.05155   0.01563   0.09002   0.01658   0.02503
    86/399     12.3G   0.05633   0.01744   0.01957   0.09335        34       416    0.7708    0.1296    0.1326   0.03136   0.08365   0.01623   0.02444
    87/399     12.3G   0.05348   0.01632   0.01824   0.08804        24       416    0.8049    0.1481    0.1218   0.03751   0.08373   0.01713   0.02598
    88/399     12.3G   0.05011   0.01612   0.02033   0.08655        18       416    0.7985   0.07407   0.09567    0.0323   0.08694   0.01727   0.02511
    89/399     12.3G   0.05073   0.01707   0.01941   0.08721        30       416     0.709    0.1296   0.04264   0.01396   0.08627    0.0173   0.02659
    90/399     12.3G   0.05142   0.01625   0.01866   0.08633        23       416   0.04691    0.1096   0.01165  0.001924   0.07893   0.01774    0.0315
    91/399     12.3G   0.05411   0.01728   0.02015   0.09154        42       416   0.03476   0.09776   0.01224  0.002502   0.08389   0.01756    0.0301
    92/399     12.3G   0.05014   0.01635    0.0192    0.0857        19       416   0.08669     0.175   0.03711  0.009928   0.08113    0.0181   0.03023
    93/399     12.3G   0.05163   0.01663   0.01834   0.08659        21       416    0.1388    0.2325   0.08136   0.01737   0.08342   0.01726   0.02984
    94/399     12.3G   0.05208   0.01703   0.01844   0.08754        46       416     0.416   0.05882   0.02431   0.00308   0.08807   0.04838   0.05359
    95/399     12.3G   0.05169   0.01668   0.01918   0.08756        35       416     0.664    0.1155   0.09995   0.01771   0.08862   0.01725   0.03992
    96/399     12.3G   0.04907   0.01628   0.01871   0.08406        15       416   0.05287    0.3307   0.04376   0.01112   0.08763   0.01778   0.03169
    97/399     12.3G   0.05351   0.01566   0.01798   0.08715        28       416    0.1122    0.3221    0.0718   0.01988   0.08558   0.01771   0.02965
    98/399     12.3G   0.04887   0.01697   0.01878   0.08462        20       416   0.09613    0.4664    0.1442    0.0587   0.08631   0.01711   0.02646
    99/399     12.3G   0.05271    0.0172    0.0175   0.08741        44       416    0.1574    0.5561    0.1569   0.04563   0.09091   0.01679   0.02333
   100/399     12.3G   0.04894   0.01588   0.01867   0.08349        21       416    0.2031    0.5596    0.2025   0.06643   0.09102   0.01627   0.02286
   101/399     12.3G   0.05054   0.01627   0.01683   0.08364        28       416    0.8425    0.1667     0.258   0.08169   0.08969    0.0162   0.02431
   102/399     12.3G   0.04934   0.01578   0.01732   0.08245        18       416    0.8695    0.2037    0.2597   0.06988   0.09066   0.01656   0.02676
   103/399     12.3G   0.05235   0.01668   0.01692   0.08594        29       416    0.9259    0.1296    0.2416    0.0846   0.08752    0.0167   0.02671
   104/399     12.3G    0.0514   0.01572   0.01819   0.08531        18       416    0.1795    0.4549    0.1718    0.0436   0.08879   0.01644   0.02542
   105/399     12.3G   0.04883   0.01514   0.01707   0.08104        14       416    0.5821    0.3769    0.3085   0.08511   0.08933   0.01615   0.02561
   106/399     12.3G   0.04958   0.01645   0.01655   0.08259        36       416    0.2229    0.3976    0.2868   0.07674   0.08805   0.01659   0.02499
   107/399     12.3G   0.04874    0.0164   0.01427   0.07941        28       416    0.1238    0.4146    0.1641   0.04246   0.08889    0.0166   0.02883
   108/399     12.3G   0.05134   0.01607   0.01804   0.08545        17       416    0.2318    0.5702    0.2582   0.07971   0.08749   0.01575   0.02841
   109/399     12.3G    0.0526   0.01506   0.01546   0.08312        28       416    0.2513    0.5254    0.3191   0.07004   0.08718    0.0159   0.02793
   110/399     12.3G   0.05237   0.01552   0.01626   0.08415        30       416    0.5525     0.396    0.3156   0.09193   0.08868   0.01624   0.02578
   111/399     12.3G   0.04813   0.01594    0.0158   0.07986        29       416    0.2001    0.5131      0.23   0.08201   0.08827   0.05286   0.03446
   112/399     12.3G   0.05142     0.015   0.01631   0.08273        19       416    0.1803     0.581    0.1642   0.04369   0.09059     1.703   0.06898
   113/399     12.3G   0.05457   0.01589   0.01624    0.0867        26       416    0.1867    0.5389    0.2793    0.1025   0.08796   0.01647   0.02417
   114/399     12.3G   0.04637   0.01588    0.0153   0.07756        29       416    0.7718    0.3757    0.4488    0.1509   0.08751   0.01511   0.02322
   115/399     12.3G   0.04919   0.01593   0.01645   0.08157        29       416    0.2894    0.6345    0.3667    0.1132   0.08886   0.01518   0.02451
   116/399     12.3G   0.05474   0.01548   0.01602   0.08624        30       416    0.3186    0.6321    0.3659    0.1266   0.09035   0.01505   0.02364
   117/399     12.3G   0.04637   0.01557   0.01599   0.07792        24       416    0.3423    0.4826    0.3636    0.1269   0.09046   0.01449   0.02421
   118/399     12.3G   0.05162   0.01585   0.01373    0.0812        29       416    0.4338    0.4056    0.3919    0.1282   0.08891    0.0149   0.02428
   119/399     12.3G   0.04822   0.01476   0.01361   0.07659        28       416    0.3288    0.6359    0.3522    0.1078   0.09154   0.01447   0.02506
   120/399     12.3G   0.04751   0.01612   0.01364   0.07727        39       416    0.4494    0.4953    0.4457    0.1652   0.08776   0.01526   0.02503
   121/399     12.3G    0.0501   0.01428   0.01486   0.07924        16       416    0.4518    0.5319    0.4675    0.1877   0.08725   0.01535   0.02608
   122/399     12.3G   0.04934   0.01576   0.01535   0.08045        19       416   0.06148    0.6182   0.06114   0.01758    0.0921   0.02149   0.04561
   123/399     12.3G     0.049     0.015   0.01422   0.07822        33       416    0.1094    0.4657   0.09885   0.02037    0.0952   0.02995   0.05107
   124/399     12.3G   0.04766   0.01461   0.01656   0.07882        15       416    0.3378    0.3534    0.1714   0.06839   0.09447   0.02339   0.09598
   125/399     12.3G   0.04621   0.01634   0.01486   0.07741        38       416    0.2708    0.5222    0.2229   0.09732   0.09036   0.02704   0.06178
   126/399     12.3G   0.04918   0.01581    0.0144    0.0794        26       416    0.2078    0.6237    0.1843   0.04612   0.09176    0.2699    0.0685
   127/399     12.3G    0.0467    0.0154   0.01315   0.07525        37       416    0.1459    0.7084    0.1617   0.04076   0.09215    0.3077   0.06847
   128/399     12.3G   0.04431   0.01501   0.01277   0.07209        29       416    0.2771     0.629    0.3033   0.06806   0.08949    0.1887   0.04846
   129/399     12.3G   0.04708   0.01562   0.01323   0.07593        29       416    0.4268     0.524    0.3114    0.1166   0.08984   0.06554   0.03645
   130/399     12.3G   0.04677   0.01515   0.01392   0.07584        26       416    0.4615    0.5058     0.388    0.1274   0.08706    0.0159   0.02559
   131/399     12.3G   0.04928   0.01545   0.01388   0.07861        20       416    0.5188    0.4554     0.364    0.1159   0.09009   0.01582   0.02837
   132/399     12.3G   0.04789   0.01415   0.01584   0.07788        23       416    0.3944    0.4123    0.2497   0.07696   0.08922   0.02474   0.03662
   133/399     12.3G   0.04881   0.01505   0.01491   0.07877        17       416    0.3754    0.3526    0.1829   0.06638   0.09517   0.03572   0.03921
   134/399     12.3G   0.04867   0.01546   0.01467    0.0788        30       416    0.4072    0.3001    0.2644    0.1586   0.09455     0.015   0.03634
   135/399     12.3G   0.05142   0.01438   0.01378   0.07958        18       416    0.5353    0.2873    0.3126      0.16   0.09307   0.01481   0.03619
   136/399     12.3G   0.04568   0.01455   0.01253   0.07276        19       416    0.6707    0.3625    0.3788    0.2068   0.09048   0.01492   0.03309
   137/399     12.3G   0.04705   0.01472   0.01387   0.07564        22       416    0.7463    0.3985    0.4084     0.206   0.09118    0.0145   0.03329
   138/399     12.3G   0.04651   0.01516   0.01328   0.07495        35       416    0.7315    0.4312    0.4392    0.2272   0.08877   0.01469   0.03008
   139/399     12.3G    0.0494    0.0148   0.01222   0.07642        28       416    0.4753    0.5703    0.4933    0.2221   0.08803   0.01509   0.02929
   140/399     12.3G   0.04787   0.01456   0.01173   0.07417        30       416    0.4161    0.4925    0.4385    0.2023   0.08731   0.01544   0.02853
   141/399     12.3G    0.0448   0.01526   0.01283   0.07289        31       416     0.458    0.5371    0.5265    0.2308   0.08497   0.01506   0.03047
   142/399     12.3G   0.04577   0.01549   0.01351   0.07477        25       416    0.5629    0.4928    0.4796    0.1514   0.08416   0.01555   0.03019
   143/399     12.3G   0.04596   0.01582   0.01289   0.07467        46       416    0.5433    0.5334    0.5667    0.2197   0.08275   0.01588    0.0259
   144/399     12.3G   0.04312   0.01324   0.01428   0.07064        18       416    0.7266    0.4737    0.5203    0.2271   0.08358   0.01604   0.02368
   145/399     12.3G    0.0497   0.01503   0.01413   0.07886        32       416    0.6988    0.4496    0.5149    0.2031   0.08495   0.01618   0.02156
   146/399     12.3G   0.04625   0.01365   0.01631   0.07621        17       416    0.3459     0.434    0.3491   0.08624   0.09097   0.01639   0.02307
   147/399     12.3G    0.0513   0.01517   0.01297   0.07944        29       416    0.4822     0.289    0.2581   0.06076   0.09615   0.01688   0.02996
   148/399     12.3G   0.04562   0.01443   0.01311   0.07316        38       416    0.5747    0.1522    0.1946   0.05676   0.09633   0.01612   0.03328
   149/399     12.3G    0.0478   0.01563   0.01286   0.07629        25       416    0.2567    0.4829     0.291   0.08395   0.09209   0.01613   0.03114
   150/399     12.3G   0.04931   0.01421   0.01436   0.07788        17       416    0.2894    0.4152     0.275    0.1046   0.09109   0.01507   0.02576
   151/399     12.3G   0.04655   0.01447   0.01339   0.07441        33       416    0.3695     0.412    0.2958    0.1197   0.08864   0.01575   0.02255
   152/399     12.3G   0.04869   0.01535   0.01394   0.07798        28       416     0.606    0.2808    0.2453    0.1084   0.09267   0.01688   0.02969
   153/399     12.3G    0.0465   0.01553   0.01228   0.07431        24       416    0.4834    0.5412    0.4346     0.171    0.0898   0.01492   0.02565
   154/399     12.3G   0.04536   0.01515   0.01222   0.07272        31       416    0.6955     0.504    0.5673    0.2449    0.0861   0.01464   0.02289
   155/399     12.3G   0.04444     0.015    0.0135   0.07294        23       416    0.6566    0.4459    0.4694    0.2193   0.08894   0.01486   0.02091
   156/399     12.3G   0.04735   0.01368   0.01464   0.07567        18       416    0.6221     0.484    0.4806    0.2163   0.08834   0.01516   0.02373
   157/399     12.3G     0.046   0.01399   0.01152    0.0715        33       416    0.6978    0.5782    0.6397    0.2863   0.08461   0.01472   0.02014
   158/399     12.3G   0.04104   0.01426   0.01208   0.06738        21       416    0.6754    0.5894    0.6128    0.2849   0.08451   0.01481   0.01984
   159/399     12.3G   0.04099   0.01446  0.009465   0.06491        29       416    0.4674    0.5752    0.5063    0.2157   0.08423   0.01595   0.02076
   160/399     12.3G   0.04285   0.01421   0.01493   0.07199        11       416    0.7823    0.5178    0.5502    0.2478   0.08418   0.01672   0.02225
   161/399     12.3G   0.04424   0.01507   0.01362   0.07293        21       416    0.7304      0.54    0.6154    0.2673   0.08442   0.01596   0.02199
   162/399     12.3G   0.04561   0.01515   0.01133   0.07209        36       416    0.5221    0.4802    0.4962     0.226   0.08677   0.01572   0.02381
   163/399     12.3G   0.04279   0.01372   0.01054   0.06705        15       416    0.8375    0.4735    0.5956    0.3085   0.08279   0.01623   0.02058
   164/399     12.3G   0.04373   0.01464   0.01135   0.06972        20       416     0.618    0.6838    0.7078    0.3027    0.0816   0.01578   0.01821
   165/399     12.3G   0.04274   0.01355   0.01144   0.06773        22       416    0.6165    0.7213    0.7107    0.3018    0.0822   0.01526   0.01909
   166/399     12.3G   0.04457   0.01477   0.01175   0.07109        33       416    0.5468    0.6506    0.6687    0.3121   0.08359   0.01549   0.01898
   167/399     12.3G   0.04575   0.01445   0.01085   0.07104        31       416    0.6838    0.6534    0.6852    0.3516   0.08199   0.01532   0.01779
   168/399     12.3G   0.04622   0.01387   0.01115   0.07124        30       416    0.5603    0.7095    0.7092    0.3591   0.08173   0.01474   0.01929
   169/399     12.3G    0.0439   0.01353  0.009503   0.06693        10       416    0.6247     0.692    0.6798    0.2979    0.0832   0.01468   0.01967
   170/399     12.3G     0.046   0.01392  0.009753   0.06967        22       416    0.6224    0.6976    0.7177    0.3546   0.08252   0.01465    0.0207
   171/399     12.3G    0.0495   0.01432   0.01327   0.07709        46       416    0.6601    0.6552    0.7152    0.3446   0.08236   0.01492   0.02003
   172/399     12.3G   0.04536   0.01335   0.01225   0.07096        23       416    0.6636    0.5062    0.6204    0.2781    0.0821   0.01649   0.02216
   173/399     12.3G   0.04239   0.01426   0.01061   0.06726        34       416    0.4158    0.6363    0.3447    0.1436   0.08389   0.01903   0.03069
   174/399     12.3G   0.05019   0.01435   0.01209   0.07663        31       416    0.3194    0.5514    0.2714    0.1049   0.08585   0.01899   0.03743
   175/399     12.3G    0.0465   0.01416  0.009792   0.07045        33       416    0.4207    0.4793    0.4346    0.1754   0.08512   0.01767   0.03452
   176/399     12.3G   0.04391   0.01461   0.01203   0.07054        56       416    0.5167    0.6026    0.5723    0.2402   0.08468    0.0158   0.02052
   177/399     12.3G   0.04336   0.01333  0.009809    0.0665        16       416    0.7948    0.4453    0.5687    0.2341   0.08524    0.0166   0.02833
   178/399     12.3G   0.04006    0.0141  0.009742    0.0639        31       416    0.8665    0.3718    0.4433    0.2252   0.08496   0.01883   0.03928
   179/399     12.3G   0.04283   0.01348   0.01109    0.0674        18       416    0.6888    0.4875    0.5624    0.2534   0.08473    0.0182   0.02995
   180/399     12.3G   0.04155   0.01417   0.01053   0.06625        36       416    0.8298    0.5678    0.6674    0.3087   0.08325   0.01633   0.02427
   181/399     12.3G   0.04271   0.01362   0.01079   0.06712        30       416    0.6905    0.6638    0.7093    0.3266   0.08076   0.01552   0.01821
   182/399     12.3G   0.04297   0.01295  0.009165   0.06508        18       416    0.8314    0.6083    0.7356    0.4202   0.08011   0.01484   0.01735
   183/399     12.3G   0.03949   0.01225  0.008754   0.06049        20       416    0.6842    0.6777    0.7264    0.3707   0.08166   0.01481   0.01737
   184/399     12.3G   0.05206   0.01273   0.01068   0.07547        35       416    0.6629    0.6917    0.7174     0.358   0.08218   0.01472   0.01999
   185/399     12.3G   0.04394   0.01359  0.008733   0.06626        32       416      0.87    0.5965    0.7324    0.4105   0.08055   0.01457   0.01956
   186/399     12.3G   0.04026   0.01247  0.009508   0.06224        17       416    0.7484    0.6799     0.744    0.4211   0.08063   0.01384   0.02028
   187/399     12.3G   0.04518   0.01355  0.007356   0.06608        31       416    0.6779    0.4732    0.5768     0.273   0.08487   0.01505   0.02789
   188/399     12.3G   0.04351   0.01246  0.009199   0.06518        18       416    0.5034    0.5625    0.4641    0.2312   0.08618   0.01528   0.02742
   189/399     12.3G   0.04004   0.01356  0.007307    0.0609        34       416    0.8761    0.3801    0.5573    0.2147   0.08583   0.01509   0.02755
   190/399     12.3G   0.03757   0.01316  0.008866   0.05959        32       416    0.4822    0.7051    0.6857    0.3358   0.08144   0.01569   0.02542
   191/399     12.3G   0.04119   0.01292   0.01077   0.06488        22       416    0.8525    0.4886    0.6469    0.2964   0.08226   0.01504   0.02261
   192/399     12.3G   0.04582   0.01374  0.007514   0.06707        27       416    0.7224    0.6463    0.7096    0.3443   0.08176   0.01478   0.02147
   193/399     12.3G   0.03881   0.01251   0.01142   0.06274        18       416    0.7894    0.6395    0.7429    0.3748   0.07964    0.0141   0.02178
   194/399     12.3G   0.03937   0.01332  0.007481   0.06018        29       416    0.8339    0.6266    0.7318    0.4014    0.0787   0.01395   0.02365
   195/399     12.3G   0.03718   0.01214  0.008586   0.05791        22       416    0.6496    0.7688    0.7918    0.3809   0.07871   0.01355   0.02098
   196/399     12.3G   0.04043     0.013  0.008958   0.06239        38       416    0.8211    0.6909     0.781    0.3949   0.07807   0.01421   0.02109
   197/399     12.3G    0.0381   0.01198   0.01063   0.06071        26       416    0.7136    0.5927     0.651    0.3566   0.07895   0.01585   0.02541
   198/399     12.3G   0.04186   0.01375   0.00978   0.06539        23       416    0.7128    0.7351    0.7452    0.3455   0.07906   0.01446   0.01559
   199/399     12.3G   0.04054   0.01211  0.007865   0.06052        21       416    0.7033    0.8193    0.8172    0.4016   0.07841   0.01324    0.0167
   200/399     12.3G   0.04954   0.01268   0.01107   0.07329        43       416    0.7712    0.6292    0.7559    0.4117   0.07957    0.0135   0.02076
   201/399     12.3G   0.04066   0.01254  0.007291   0.06049        19       416    0.8554    0.7265    0.7738    0.4438   0.07819   0.01347   0.02083
   202/399     12.3G   0.03499   0.01247  0.008498   0.05595        25       416    0.6984    0.5743    0.6212    0.2885   0.08316   0.01481   0.02265
   203/399     12.3G   0.03849   0.01248  0.008854   0.05982        23       416    0.8038    0.5577    0.6755    0.3519   0.08185   0.01493   0.02128
   204/399     12.3G   0.04331   0.01301   0.01093   0.06725        31       416    0.8434    0.7041    0.7815    0.4131   0.07915   0.01399    0.0211
   205/399     12.3G   0.03697   0.01229   0.00784    0.0571        34       416    0.7762    0.7908    0.8376    0.4787   0.07608   0.01371   0.02162
   206/399     12.3G   0.03896   0.01087  0.008623   0.05845        11       416    0.6622     0.759    0.8083    0.4939   0.07583   0.01454   0.02342
   207/399     12.3G   0.04178   0.01226  0.009276   0.06332        18       416    0.7645     0.769    0.8475    0.4909   0.07681   0.01405   0.02094
   208/399     12.3G   0.04267   0.01196   0.01132   0.06594        27       416    0.8192    0.7025    0.7325    0.4159   0.07948   0.01437    0.0218
   209/399     12.3G   0.03916   0.01277  0.008892   0.06082        18       416    0.8513    0.5353    0.6244    0.3486    0.0812   0.01526    0.0259
   210/399     12.3G   0.03972   0.01098  0.006044   0.05675        11       416    0.5151    0.5666    0.3776    0.1921   0.08086   0.01687   0.02656
   211/399     12.3G   0.04079   0.01209   0.01146   0.06434        22       416    0.7372    0.6495    0.7107    0.3649   0.07899   0.01625   0.02418
   212/399     12.3G   0.04249   0.01229  0.008852   0.06364        21       416    0.7589    0.6923    0.7715    0.4197   0.07706   0.01571    0.0216
   213/399     12.3G    0.0419   0.01275   0.00736   0.06201        25       416    0.7615    0.7512    0.7667    0.4119   0.07625   0.01526   0.02079
   214/399     12.3G   0.03769   0.01256  0.008568   0.05881        27       416    0.8574    0.6373    0.7741    0.4061   0.07669   0.01519   0.02457
   215/399     12.3G   0.03614   0.01292    0.0108   0.05986        34       416    0.8553    0.6212    0.7802    0.4175   0.07542   0.01554   0.02117
   216/399     12.3G   0.04065   0.01198  0.007496   0.06013        18       416    0.8776    0.7111    0.8648     0.451   0.07445   0.01464   0.01844
   217/399     12.3G   0.03828   0.01265  0.007955   0.05888        27       416     0.848    0.7603    0.8686    0.4367   0.07407   0.01417   0.01907
   218/399     12.3G   0.04099   0.01248  0.007663   0.06113        26       416    0.7408    0.7122    0.7588    0.4083   0.07577   0.01504   0.02305
   219/399     12.3G   0.03697   0.01161  0.006679   0.05527        20       416    0.7432     0.575    0.6478    0.3377   0.07895   0.01531   0.02881
   220/399     12.3G   0.03599   0.01315  0.006427   0.05557        47       416    0.7616    0.5937    0.6906    0.3539   0.08092   0.01575   0.03213
   221/399     12.3G   0.04072   0.01219  0.007233   0.06014        24       416    0.6453    0.6446    0.6992    0.3585   0.08202   0.01673   0.02994
   222/399     12.3G   0.03834   0.01285  0.007144   0.05833        50       416      0.77    0.6239    0.7638    0.3863   0.08074   0.01665   0.02408
   223/399     12.3G   0.03513   0.01197  0.006536   0.05363        32       416    0.7684    0.6447    0.8084    0.4158   0.07986   0.01567   0.02049
   224/399     12.3G   0.03907   0.01219   0.00688   0.05814        20       416    0.6178    0.8402    0.6734    0.3516   0.07552   0.01522   0.01655
   225/399     12.3G   0.03626   0.01213     0.006   0.05439        17       416    0.9381    0.7303    0.8696    0.5298   0.07548   0.01376   0.01577
   226/399     12.3G   0.03542   0.01134  0.006258   0.05302        22       416     0.831    0.7888    0.8456    0.5091   0.07726   0.01401   0.01767
   227/399     12.3G   0.04408   0.01217  0.008917   0.06517        44       416    0.8338    0.7605    0.8344     0.462   0.07877   0.01335   0.01685
   228/399     12.3G   0.03884   0.01213  0.007472   0.05845        23       416    0.9045    0.7619    0.8486    0.4779   0.07814   0.01293     0.016
   229/399     12.3G   0.03522   0.01255  0.006773   0.05454        33       416    0.8054    0.7582    0.8164    0.4541    0.0783   0.01328   0.01679
   230/399     12.3G   0.03525   0.01188  0.006979   0.05411        23       416    0.9544    0.7158    0.8479     0.465   0.07675   0.01319    0.0159
   231/399     12.3G   0.03597   0.01212  0.006175   0.05426        29       416    0.9325    0.7743    0.8754    0.4822   0.07561   0.01307   0.01586
   232/399     12.3G   0.03651   0.01161  0.009333   0.05745        13       416    0.8777    0.8086    0.8934    0.4882   0.07425   0.01334   0.01783
   233/399     12.3G   0.03924   0.01109  0.006803   0.05713        25       416    0.8796    0.8124    0.8964    0.5337   0.07266   0.01363   0.01625
   234/399     12.3G   0.03687   0.01103  0.006678   0.05458        28       416    0.9366    0.7223     0.891    0.5255   0.07314   0.01353   0.01612
   235/399     12.3G   0.03683   0.01174  0.006301   0.05487        18       416    0.8236    0.7326    0.8417    0.4986   0.07462   0.01403   0.01664
   236/399     12.3G   0.03608   0.01068  0.004586   0.05135        11       416    0.7757    0.6162    0.7416    0.4457   0.07847   0.01631   0.02295
   237/399     12.3G   0.03629   0.01254  0.006594   0.05542        36       416    0.7613    0.6233    0.7262    0.3997   0.08061   0.01717   0.02497
   238/399     12.3G   0.03875   0.01252   0.00619   0.05746        40       416    0.8098    0.6855    0.7527    0.4104    0.0807   0.01732   0.02477
   239/399     12.3G    0.0389   0.01271  0.007926   0.05953        29       416     0.694    0.7093    0.7103     0.389   0.08132   0.01563   0.02207
   240/399     12.3G   0.03925   0.01167  0.005155   0.05608        24       416    0.6997    0.6829      0.63    0.3454   0.08161   0.01599   0.02226
   241/399     12.3G   0.04172   0.01185  0.006783   0.06035        22       416    0.7273       0.7    0.6334    0.3473   0.08032   0.01601   0.02047
   242/399     12.3G   0.03657   0.01188  0.005178   0.05362        21       416    0.6678    0.8088    0.7251    0.4125   0.07855   0.01571   0.01936
   243/399     12.3G   0.03455   0.01181  0.006376   0.05274        26       416    0.7461    0.8367     0.841     0.476   0.07689   0.01506   0.01794
   244/399     12.3G   0.03256   0.01134  0.005101     0.049        19       416    0.8154     0.727    0.8168    0.4475   0.07827   0.01548   0.02014
   245/399     12.3G   0.03917   0.01167  0.006196   0.05703        25       416    0.7918    0.7797    0.8241    0.4689   0.07642   0.01525   0.01942
   246/399     12.3G   0.03646   0.01175  0.006857   0.05507        23       416     0.821    0.6965    0.7963    0.4249   0.07658   0.01602   0.02143
   247/399     12.3G    0.0349    0.0117  0.006871   0.05347        31       416    0.8507    0.7088    0.8021    0.4268   0.07642   0.01617   0.02029
   248/399     12.3G   0.03262   0.01135  0.004731    0.0487        21       416     0.844    0.6798    0.8417    0.4741   0.07487   0.01612   0.01857
   249/399     12.3G   0.03547   0.01114   0.01063   0.05725        15       416    0.7123    0.8365    0.8482    0.4801   0.07361   0.01493   0.01865
   250/399     12.3G   0.03503   0.01072    0.0085   0.05426        20       416    0.8607    0.8598    0.9197    0.5671   0.07248   0.01365   0.01702
   251/399     12.3G   0.03611   0.01053  0.004735   0.05137        22       416    0.8971    0.8414    0.9049    0.5306    0.0737   0.01359   0.01905
   252/399     12.3G   0.03602   0.01046  0.007611    0.0541        23       416    0.8504    0.8455    0.8886    0.5141   0.07447   0.01356   0.02003
   253/399     12.3G   0.03753   0.01179  0.008073    0.0574        31       416    0.7997    0.8272    0.8688    0.5193   0.07468   0.01403   0.02082
   254/399     12.3G    0.0399   0.01076   0.00888   0.05954        21       416    0.8834    0.7372    0.8504    0.5122   0.07486   0.01438   0.02191
   255/399     12.3G   0.03673   0.01074  0.007864   0.05534        20       416    0.8524    0.8273    0.8832    0.5094   0.07434   0.01415   0.02101
   256/399     12.3G   0.03644    0.0117  0.009997   0.05813        26       416    0.8697    0.8491    0.9069    0.5465    0.0733   0.01394   0.01825
   257/399     12.3G   0.03522   0.01151  0.008269     0.055        16       416    0.9124    0.8166     0.889     0.505   0.07412   0.01391   0.01685
   258/399     12.3G   0.03705   0.01146  0.005198   0.05371        38       416    0.8579    0.8891    0.9108    0.5069   0.07371   0.01368   0.01713
   259/399     12.3G   0.03321   0.01161  0.006802   0.05163        22       416    0.9195    0.8199    0.9047    0.5206   0.07425    0.0136   0.01641
   260/399     12.3G   0.03766   0.01109  0.007217   0.05597        30       416    0.8791    0.8652    0.9258     0.563   0.07248   0.01354   0.01927
   261/399     12.3G   0.03208    0.0107  0.004815    0.0476         8       416    0.8069    0.8891    0.9184    0.5691   0.07185   0.01353   0.01858
   262/399     12.3G   0.03156   0.01017   0.00628   0.04801        20       416    0.8552     0.812    0.8959    0.5458   0.07237   0.01375   0.01789
   263/399     12.3G   0.03631   0.01173  0.005897   0.05394        33       416    0.9127    0.8195    0.8942    0.5382   0.07252   0.01344   0.01792
   264/399     12.3G   0.04543   0.01148  0.008541   0.06545        44       416    0.9181    0.8087    0.9065    0.5602   0.07261   0.01355   0.01968
   265/399     12.3G     0.032   0.01145  0.004483   0.04794        33       416    0.9307    0.8177    0.9061    0.5707   0.07227   0.01357   0.01995
   266/399     12.3G   0.03584   0.01056  0.007104    0.0535        33       416    0.8859    0.8176    0.8851    0.5562   0.07253   0.01384   0.01939
   267/399     12.3G   0.03477   0.01131  0.006143   0.05223        36       416    0.8309    0.8197     0.843    0.5492   0.07325   0.01394   0.01845
   268/399     12.3G   0.03437   0.01121  0.006597   0.05217        27       416    0.8137    0.8268    0.8484    0.5158   0.07418   0.01415   0.01777
   269/399     12.3G   0.03607   0.01195  0.009581    0.0576        39       416     0.846    0.8035    0.8571    0.5386   0.07322   0.01425   0.01677
   270/399     12.3G   0.03299   0.01038  0.006396   0.04976        27       416    0.8608    0.7922     0.864     0.514   0.07279   0.01445   0.01612
   271/399     12.3G   0.03502   0.01093  0.008948   0.05489        19       416    0.9109    0.7926    0.9017    0.5461   0.07256   0.01422   0.01863
   272/399     12.3G    0.0344   0.01085  0.007265   0.05252        27       416    0.9414    0.7925    0.8865    0.5279   0.07323   0.01431   0.01964
   273/399     12.3G   0.03344   0.01072  0.005676   0.04984        30       416    0.8277    0.7922    0.8605    0.4865   0.07362   0.01452    0.0201
   274/399     12.3G   0.03345    0.0104  0.005712   0.04957        11       416    0.7861    0.8058    0.8491    0.5405     0.074   0.01475   0.02033
   275/399     12.3G   0.03773   0.01097  0.004396    0.0531        35       416    0.8211    0.8415    0.8778    0.5413   0.07426   0.01441   0.02098
   276/399     12.3G   0.03518    0.0113  0.003892   0.05038        39       416    0.8568    0.8722    0.8983    0.5653   0.07302   0.01387   0.02174
   277/399     12.3G   0.03535   0.01126  0.005517   0.05212        44       416    0.8885    0.8714    0.9139    0.5871   0.07221   0.01373   0.01949
   278/399     12.3G   0.03514   0.01046  0.007869   0.05348        22       416     0.921    0.8111    0.9113    0.5843   0.07182   0.01428   0.01827
   279/399     12.3G   0.03604   0.01127  0.005871   0.05318        22       416    0.9112    0.7752    0.9036    0.5742   0.07199   0.01439   0.01815
   280/399     12.3G   0.03543    0.0102  0.003826   0.04945        22       416    0.8806    0.8177     0.907     0.581   0.07228   0.01428   0.01898
   281/399     12.3G   0.03415   0.01005  0.007111    0.0513        22       416    0.8944    0.7893    0.8762     0.523   0.07396    0.0148   0.02079
   282/399     12.3G   0.03274   0.01073  0.005978   0.04945        28       416    0.9136    0.8001    0.8505    0.4886   0.07545   0.01534   0.02102
   283/399     12.3G   0.03231   0.01053  0.006361    0.0492        23       416    0.9055    0.7785     0.842    0.4797   0.07521   0.01539   0.02033
   284/399     12.3G    0.0319  0.009782  0.004941   0.04662        16       416    0.9316    0.7941    0.8836    0.5289   0.07325   0.01483   0.01984
   285/399     12.3G   0.03409   0.01058  0.004771   0.04944        29       416    0.8851    0.8415    0.8816    0.5305    0.0733   0.01476   0.02009
   286/399     12.3G   0.03291   0.01064  0.003868   0.04742        48       416    0.8804    0.7587    0.8184    0.4749   0.07615   0.01574   0.02317
   287/399     12.3G    0.0389   0.01116  0.005722   0.05578        39       416    0.8706    0.8303    0.8366    0.4719   0.07661   0.01511   0.02295
   288/399     12.3G   0.03689   0.01088  0.005492   0.05326        20       416    0.8515     0.838    0.8474    0.4682   0.07633   0.01404   0.01877
   289/399     12.3G   0.03273  0.009727   0.00402   0.04648        11       416    0.8265    0.8022    0.8583    0.4921   0.07472   0.01417   0.01817
   290/399     12.3G   0.03174   0.01084  0.005162   0.04774        37       416    0.9779    0.7134    0.8575    0.5429   0.07397   0.01414   0.01863
   291/399     12.3G   0.03814   0.01176  0.004949   0.05485        50       416    0.9422    0.7262    0.8467    0.5293   0.07409   0.01416   0.01968
   292/399     12.3G     0.032   0.01029   0.00352   0.04581        29       416    0.9482    0.7758    0.8505    0.5378   0.07371   0.01423   0.02024
   293/399     12.3G   0.03715  0.009285  0.006316   0.05275        18       416    0.8872    0.8261     0.857    0.5452   0.07362   0.01438   0.02056
   294/399     12.3G   0.03814   0.01015  0.004119   0.05241        27       416    0.8665    0.7903    0.8512    0.5143    0.0736   0.01449   0.01965
   295/399     12.3G   0.03551   0.01027  0.006699   0.05248        17       416    0.8357    0.8415    0.8967    0.5562   0.07279   0.01345   0.01958
   296/399     12.3G   0.03252    0.0107  0.003678    0.0469        32       416    0.8287    0.8531    0.8859    0.5485   0.07291   0.01371   0.01925
   297/399     12.3G   0.03582   0.01082  0.006119   0.05275        25       416    0.9204    0.7744    0.8452    0.5308   0.07364   0.01432   0.01923
   298/399     12.3G   0.03272   0.01049  0.003969   0.04718        26       416     0.866    0.7902    0.8312    0.5301   0.07479   0.01461   0.02091
   299/399     12.3G     0.034   0.01032  0.006286   0.05061        32       416    0.8399    0.8142    0.8271    0.5244   0.07481   0.01468   0.02095
   300/399     12.3G   0.03012  0.009812  0.003303   0.04324        20       416    0.8979    0.8259    0.8592    0.5024    0.0751   0.01518   0.02156
   301/399     12.3G   0.03449   0.01056  0.004548    0.0496        17       416    0.8158    0.7898    0.8246    0.4911   0.07535   0.01544   0.02188
   302/399     12.3G   0.03156   0.01051  0.004168   0.04624        21       416    0.8908    0.7372    0.8072    0.4767   0.07599   0.01569     0.021
   303/399     12.3G   0.03395   0.01032   0.00673   0.05101        26       416    0.8765    0.7171    0.7868    0.4609   0.07661   0.01682   0.02084
   304/399     12.3G   0.04018   0.01124   0.01021   0.06163        44       416    0.9221    0.7525    0.8328    0.4415   0.07726   0.01567   0.01996
   305/399     12.3G   0.03479   0.01161  0.006932   0.05333        42       416    0.9216    0.7564    0.8448    0.4626   0.07662   0.01517   0.01914
   306/399     12.3G   0.03515   0.01128  0.005629   0.05206        33       416    0.9457       0.8    0.8766    0.5216    0.0749   0.01404   0.01764
   307/399     12.3G   0.03525    0.0104  0.004752   0.05041        23       416    0.9674    0.8419    0.9241    0.5913   0.07221   0.01332   0.01881
   308/399     12.3G   0.03118   0.01001  0.008441   0.04963        25       416    0.8694    0.8891    0.9283    0.5762   0.07166   0.01387   0.01979
   309/399     12.3G   0.03161  0.009829  0.007064    0.0485        24       416    0.9195    0.8393    0.9078    0.5848   0.07226   0.01407   0.01956
   310/399     12.3G   0.03195    0.0104   0.00485   0.04719        25       416    0.9847    0.8177    0.9201    0.5844   0.07244   0.01406   0.01851
   311/399     12.3G   0.03305    0.0108  0.003667   0.04752        33       416     0.936    0.8414    0.9272    0.5986   0.07191   0.01397   0.01769
   312/399     12.3G   0.03163   0.01074  0.004546   0.04691        28       416    0.9592    0.8176    0.9255    0.6054   0.07133   0.01386   0.01741
   313/399     12.3G   0.03349   0.01023  0.003955   0.04768        25       416    0.8996    0.8691    0.8985    0.5766   0.07192   0.01389   0.01767
   314/399     12.3G   0.03104  0.009516  0.005953   0.04651        27       416    0.9376    0.8631     0.909    0.5931   0.07165    0.0137   0.01753
   315/399     12.3G   0.03809   0.01162  0.005715   0.05542        47       416     0.941    0.8294    0.9145    0.5987   0.07134   0.01366   0.01712
   316/399     12.3G   0.03298   0.01062  0.004439   0.04804        17       416    0.9357    0.8023    0.9058    0.5723   0.07205   0.01403   0.01715
   317/399     12.3G   0.03115   0.01128  0.002998   0.04542        48       416    0.8953    0.8325    0.8878    0.5745   0.07205   0.01419   0.01744
   318/399     12.3G     0.032  0.009587  0.007729   0.04932        14       416    0.9001    0.8143    0.8883    0.5778   0.07148   0.01426   0.01818
   319/399     12.3G   0.03049  0.009983  0.003644   0.04412        21       416     0.877    0.8142     0.877    0.5605   0.07181   0.01414   0.01922
   320/399     12.3G   0.03217  0.009866  0.004652   0.04669        25       416     0.988    0.7701    0.9003    0.5622   0.07185   0.01395   0.01991
   321/399     12.3G   0.03128    0.0101  0.003777   0.04516        16       416    0.8567    0.8058    0.8849    0.5486   0.07221   0.01451   0.02125
   322/399     12.3G   0.03402  0.009733  0.004235   0.04799        16       416    0.8751    0.8176    0.9056    0.5621   0.07157   0.01464   0.02073
   323/399     12.3G   0.03297   0.01035  0.004635   0.04795        29       416    0.9541    0.7937    0.9132      0.57   0.07048   0.01434   0.01918
   324/399     12.3G   0.03273    0.0109  0.003271    0.0469        46       416    0.8829    0.8653    0.9235     0.572   0.07046   0.01429   0.01726
   325/399     12.3G   0.03028  0.009642  0.007706   0.04763        17       416    0.8818    0.8771    0.9269    0.5778   0.07024   0.01454   0.01698
   326/399     12.3G   0.02901  0.009787  0.003155   0.04196        22       416    0.8861     0.877    0.9244    0.5743   0.07025   0.01482   0.01672
   327/399     12.3G   0.02711   0.00986  0.004911   0.04188        29       416    0.9161    0.8533     0.922    0.5687   0.07077   0.01477   0.01709
   328/399     12.3G   0.02973  0.009666  0.004215   0.04361        29       416    0.8998    0.8652    0.9212    0.5709   0.07095   0.01426   0.01793
   329/399     12.3G   0.02854   0.01052  0.003327   0.04238        34       416    0.8565    0.8776     0.897     0.545   0.07157   0.01445   0.01828
   330/399     12.3G   0.03325   0.01138  0.004512   0.04914        34       416    0.8597    0.8617    0.8652    0.5328   0.07172   0.01462   0.01855
   331/399     12.3G   0.04185   0.01012  0.004682   0.05665        26       416    0.8376    0.8618    0.8615    0.5465   0.07163   0.01495   0.01857
   332/399     12.3G   0.03115   0.01036   0.00478   0.04629        15       416    0.8566    0.8474    0.8656    0.5432   0.07179   0.01504   0.01882
   333/399     12.3G   0.02803  0.009998  0.006316   0.04434        24       416    0.8671    0.8288    0.8694    0.5588   0.07147   0.01494   0.01875
   334/399     12.3G   0.03305   0.01052  0.004269   0.04784        35       416    0.8258    0.8708    0.8704    0.5465    0.0716   0.01485   0.01835
   335/399     12.3G   0.02798   0.01035  0.005498   0.04382        27       416    0.9103    0.8242    0.8801    0.5554   0.07135   0.01468   0.01786
   336/399     12.3G   0.03161   0.01043  0.003738   0.04577        26       416    0.9397    0.8068    0.8982    0.5854   0.07109   0.01453   0.01747
   337/399     12.3G   0.03518   0.01036  0.003865   0.04941        22       416    0.9434    0.8069    0.9195    0.5969   0.07063   0.01401   0.01728
   338/399     12.3G    0.0327   0.01017  0.004866   0.04774        42       416     0.945    0.7566    0.9059    0.5669    0.0721   0.01413   0.01946
   339/399     12.3G   0.03219  0.009619   0.00453   0.04634        14       416    0.8797    0.8209    0.9071    0.5495   0.07234   0.01414   0.01992
   340/399     12.3G   0.03455  0.009923  0.004604   0.04908        23       416     0.988    0.8184     0.923    0.5967   0.07044   0.01399   0.01934
   341/399     12.3G   0.02697   0.01007  0.002907   0.03994        29       416    0.9252    0.8247    0.8732    0.5646   0.07098    0.0147   0.02006
   342/399     12.3G   0.03351   0.01041  0.003785    0.0477        23       416    0.9769    0.7024    0.8302    0.5245    0.0733   0.01645   0.02245
   343/399     12.3G   0.03141   0.01013  0.004189   0.04573        32       416    0.9796    0.6977    0.8032    0.4952   0.07523    0.0171   0.02519
   344/399     12.3G   0.02853    0.0101  0.004134   0.04276        27       416    0.8872     0.706    0.7807    0.4714   0.07617    0.0187   0.02934
   345/399     12.3G   0.02964  0.009267  0.002902   0.04181        14       416    0.8829    0.6928    0.7381    0.4645   0.07653   0.01914   0.03023
   346/399     12.3G   0.03181  0.009402  0.003944   0.04516        31       416     0.918    0.6578    0.7283     0.454   0.07748   0.01996   0.03698
   347/399     12.3G   0.03067   0.01045  0.002981   0.04409        29       416    0.9336    0.7012    0.7478    0.4575    0.0773   0.01944   0.03765
   348/399     12.3G   0.02982  0.009629  0.004149    0.0436        17       416    0.9656    0.7025    0.7689    0.4761   0.07585   0.01781     0.032
   349/399     12.3G   0.03378  0.009825  0.006621   0.05023        29       416    0.9144      0.74    0.8196    0.4957   0.07479   0.01679   0.02797
   350/399     12.3G   0.03126    0.0101  0.003422   0.04478        36       416    0.8091    0.8085    0.8353    0.5002   0.07351   0.01659   0.02363
   351/399     12.3G   0.02987   0.00973  0.004033   0.04363        26       416         1    0.7196    0.8653    0.5244   0.07328   0.01605   0.02146
   352/399     12.3G   0.03085  0.009709  0.003835   0.04439        29       416    0.9502    0.7504    0.8669    0.5367   0.07349   0.01526   0.02018
   353/399     12.3G   0.02921  0.009221  0.006343   0.04477        17       416    0.9374    0.7784    0.8469     0.519   0.07396    0.0153   0.02155
   354/399     12.3G   0.03146  0.009429  0.003811    0.0447        26       416     0.941    0.7858    0.8415    0.5037   0.07425   0.01571   0.02263
   355/399     12.3G   0.03428  0.009873  0.004347   0.04851        27       416     0.928    0.8033    0.8414    0.5161   0.07344   0.01569   0.02224
   356/399     12.3G   0.03644   0.01005  0.003689   0.05018        29       416    0.9219    0.7825      0.83    0.5106   0.07298   0.01555   0.02223
   357/399     12.3G   0.03488   0.01081  0.004115   0.04981        42       416    0.9626    0.7981    0.8658    0.5312   0.07228   0.01505   0.02097
   358/399     12.3G   0.02569   0.01015  0.002246   0.03808        27       416    0.9654    0.7963    0.8716     0.556   0.07123    0.0148   0.02001
   359/399     12.3G   0.03975  0.009589   0.01019   0.05953        33       416    0.9512     0.826    0.8837    0.5518   0.07113   0.01503   0.01892
   360/399     12.3G   0.03217   0.01039   0.00549   0.04806        51       416    0.8959    0.8618    0.9043    0.5607   0.07091   0.01504   0.01809
   361/399     12.3G   0.03313  0.009376  0.007961   0.05047        18       416    0.8978    0.8499    0.8915    0.5627   0.07069   0.01516   0.01778
   362/399     12.3G   0.03055  0.009956  0.003311   0.04382        21       416    0.9804     0.813     0.913    0.5796   0.07042   0.01462    0.0178
   363/399     12.3G   0.02993  0.009726  0.006617   0.04627        19       416    0.9763     0.834    0.9265    0.5942   0.07039   0.01441   0.01851
   364/399     12.3G   0.03109   0.01004  0.006892   0.04802        27       416    0.9859    0.8078    0.9122    0.5796   0.07085    0.0147   0.01956
   365/399     12.3G   0.02875  0.009541  0.004059   0.04235        19       416    0.9591    0.8054    0.9063    0.5977   0.07066   0.01456   0.01946
   366/399     12.3G   0.03444   0.01002  0.006818   0.05128        31       416    0.9831    0.8017    0.9068    0.6125   0.07037    0.0143   0.01865
   367/399     12.3G   0.03225   0.01086  0.004099   0.04721        52       416    0.9522    0.8415    0.9244    0.6114   0.07036   0.01412   0.01804
   368/399     12.3G   0.03143  0.009202  0.004998   0.04563        10       416    0.9476    0.8794     0.934    0.6328   0.07003    0.0141   0.01886
   369/399     12.3G   0.03383   0.01039  0.003671   0.04789        35       416    0.9116    0.8891    0.9322    0.6189   0.07006   0.01427   0.01891
   370/399     12.3G   0.03329   0.01045  0.003649   0.04739        26       416     0.924    0.8718    0.9322    0.6156   0.07051   0.01451   0.01928
   371/399     12.3G   0.03295   0.01029   0.00389   0.04714        36       416    0.8936    0.8575    0.9194    0.6186   0.07049   0.01455   0.01958
   372/399     12.3G   0.02915   0.01043  0.004886   0.04446        33       416     0.958    0.8535    0.9276    0.6065   0.07037   0.01439   0.01846
   373/399     12.3G   0.02878   0.00974  0.004544   0.04307        19       416    0.9806    0.8294      0.92    0.6075   0.07038   0.01433   0.01736
   374/399     12.3G   0.02937   0.01017  0.004882   0.04442        34       416    0.9903    0.8058    0.9101    0.6024   0.07067   0.01428   0.01633
   375/399     12.3G   0.03187    0.0103  0.004298   0.04646        38       416    0.9671    0.7939    0.9064    0.5845   0.07133   0.01435   0.01664
   376/399     12.3G   0.02835   0.01022  0.003565   0.04213        33       416    0.9411    0.8057    0.9055    0.5867   0.07112   0.01441   0.01767
   377/399     12.3G   0.03538  0.009935  0.006222   0.05153        27       416    0.9785    0.8214     0.917    0.5802   0.07055   0.01428   0.01962
   378/399     12.3G   0.03334   0.01021  0.006367   0.04992        32       416    0.9719    0.8349    0.9216    0.5903   0.07019   0.01434   0.02064
   379/399     12.3G   0.03174   0.01026  0.005357   0.04736        31       416    0.9979    0.8257     0.912     0.607   0.06988    0.0144    0.0193
   380/399     12.3G   0.03196  0.009427  0.003987   0.04537        24       416    0.9789    0.8174    0.9095    0.5892   0.07019   0.01463   0.01752
   381/399     12.3G   0.03469  0.009604  0.007322   0.05161        23       416    0.9569    0.8013    0.9229    0.5982   0.07059   0.01474   0.01674
   382/399     12.3G   0.03324  0.009503  0.007348   0.05009        13       416    0.9368    0.8023    0.8933    0.5955   0.07123   0.01475   0.01685
   383/399     12.3G   0.02979  0.009514   0.00524   0.04455        35       416    0.9746    0.7802    0.8954    0.6039   0.07121   0.01461   0.01719
   384/399     12.3G   0.02955  0.009844   0.00396   0.04336        24       416    0.9966    0.7904    0.9229    0.5863   0.07097   0.01445   0.01716
   385/399     12.3G   0.03113  0.009081  0.003524   0.04373        23       416    0.9868    0.8057    0.9395    0.5976   0.07028   0.01412   0.01742
   386/399     12.3G   0.03109  0.009041  0.002791   0.04292        24       416    0.9999    0.8127    0.9497    0.6122   0.06967   0.01383   0.01825
   387/399     12.3G   0.02785  0.009832  0.003742   0.04142        30       416    0.9673    0.8296    0.9506    0.6486   0.06945   0.01373   0.01884
   388/399     12.3G   0.03017  0.009984  0.006064   0.04621        30       416     0.971    0.8206    0.9463    0.6316   0.06956   0.01386   0.01867
   389/399     12.3G   0.03599  0.009463  0.006513   0.05197        21       416    0.9158     0.869    0.9462    0.6098   0.06992   0.01387   0.01824
   390/399     12.3G   0.02784  0.009206  0.005105   0.04215        19       416    0.9512     0.826    0.9148    0.5894   0.07115   0.01421   0.01725
   391/399     12.3G   0.02798  0.009031  0.004457   0.04147        29       416     0.999    0.8069    0.9193    0.5942   0.07158   0.01427   0.01711
   392/399     12.3G   0.02978  0.009445  0.003659   0.04288        20       416    0.9366    0.8261    0.9304    0.6093   0.07101   0.01426   0.01739
   393/399     12.3G   0.03297   0.01067  0.004227   0.04787        20       416    0.9323    0.8261    0.9359    0.6186   0.07015   0.01412   0.01747
   394/399     12.3G   0.03518  0.009364  0.005792   0.05034        25       416    0.9304    0.8261     0.945    0.6463   0.06929   0.01371   0.01725
   395/399     12.3G   0.03167    0.0092  0.004486   0.04535        22       416     0.945    0.8767    0.9531    0.6497   0.06899   0.01355   0.01706
   396/399     12.3G   0.02989  0.009607  0.004636   0.04413        22       416    0.9427    0.8653     0.944    0.6485   0.06925   0.01367   0.01659
   397/399     12.3G   0.03484  0.009394   0.00506    0.0493        22       416    0.9286    0.8772    0.9409    0.6461   0.06913   0.01371   0.01658
   398/399     12.3G    0.0282    0.0086  0.004335   0.04113         6       416    0.9466    0.8733    0.9383    0.6487   0.06899   0.01393   0.01685
   399/399     12.3G   0.03269  0.009721  0.004533   0.04694        39       416    0.9353    0.8772    0.9375    0.6373   0.06887   0.01408   0.01723
